#datatype,string,long,dateTime:RFC3339,dateTime:RFC3339,dateTime:RFC3339,double,string,string,string,string,string
#group,false,false,true,true,false,false,true,true,true,true,true
#default,_result,,,,,,,,,,
,result,table,_start,_stop,_time,_value,_field,_measurement,name,pid,tid
,,0,2024-02-15T15:35:02.39552376Z,2024-03-16T15:35:02.39552376Z,2024-03-16T01:13:42.75235257Z,471.13,docker_used_memory_mb,NFCORE_RANGELAND:RANGELAND:PREPROCESSING:FORCE_PREPROCESS (LT05_L1TP_180036_20040603_20200903_02_T1) (3632),NFCORE_RANGELAND:RANGELAND:PREPROCESSING:FORCE_PREPROCESS (LT05_L1TP_180036_20040603_20200903_02_T1) (3632),544447,3632
,,0,2024-02-15T15:35:02.39552376Z,2024-03-16T15:35:02.39552376Z,2024-03-16T01:13:44.752957282Z,1493.68,docker_used_memory_mb,NFCORE_RANGELAND:RANGELAND:PREPROCESSING:FORCE_PREPROCESS (LT05_L1TP_180036_20040603_20200903_02_T1) (3632),NFCORE_RANGELAND:RANGELAND:PREPROCESSING:FORCE_PREPROCESS (LT05_L1TP_180036_20040603_20200903_02_T1) (3632),544447,3632
,,0,2024-02-15T15:35:02.39552376Z,2024-03-16T15:35:02.39552376Z,2024-03-16T01:13:46.752502598Z,1495.64,docker_used_memory_mb,NFCORE_RANGELAND:RANGELAND:PREPROCESSING:FORCE_PREPROCESS (LT05_L1TP_180036_20040603_20200903_02_T1) (3632),NFCORE_RANGELAND:RANGELAND:PREPROCESSING:FORCE_PREPROCESS (LT05_L1TP_180036_20040603_20200903_02_T1) (3632),544447,3632
,,0,2024-02-15T15:35:02.39552376Z,2024-03-16T15:35:02.39552376Z,2024-03-16T01:13:48.753051287Z,1496.54,docker_used_memory_mb,NFCORE_RANGELAND:RANGELAND:PREPROCESSING:FORCE_PREPROCESS (LT05_L1TP_180036_20040603_20200903_02_T1) (3632),NFCORE_RANGELAND:RANGELAND:PREPROCESSING:FORCE_PREPROCESS (LT05_L1TP_180036_20040603_20200903_02_T1) (3632),544447,3632
,,0,2024-02-15T15:35:02.39552376Z,2024-03-16T15:35:02.39552376Z,2024-03-16T01:13:50.75254879Z,1968.61,docker_used_memory_mb,NFCORE_RANGELAND:RANGELAND:PREPROCESSING:FORCE_PREPROCESS (LT05_L1TP_180036_20040603_20200903_02_T1) (3632),NFCORE_RANGELAND:RANGELAND:PREPROCESSING:FORCE_PREPROCESS (LT05_L1TP_180036_20040603_20200903_02_T1) (3632),544447,3632
,,0,2024-02-15T15:35:02.39552376Z,2024-03-16T15:35:02.39552376Z,2024-03-16T01:13:52.753082968Z,1971.99,docker_used_memory_mb,NFCORE_RANGELAND:RANGELAND:PREPROCESSING:FORCE_PREPROCESS (LT05_L1TP_180036_20040603_20200903_02_T1) (3632),NFCORE_RANGELAND:RANGELAND:PREPROCESSING:FORCE_PREPROCESS (LT05_L1TP_180036_20040603_20200903_02_T1) (3632),544447,3632
,,0,2024-02-15T15:35:02.39552376Z,2024-03-16T15:35:02.39552376Z,2024-03-16T01:13:54.752631092Z,1971.89,docker_used_memory_mb,NFCORE_RANGELAND:RANGELAND:PREPROCESSING:FORCE_PREPROCESS (LT05_L1TP_180036_20040603_20200903_02_T1) (3632),NFCORE_RANGELAND:RANGELAND:PREPROCESSING:FORCE_PREPROCESS (LT05_L1TP_180036_20040603_20200903_02_T1) (3632),544447,3632
,,0,2024-02-15T15:35:02.39552376Z,2024-03-16T15:35:02.39552376Z,2024-03-16T01:13:56.753146958Z,1971.89,docker_used_memory_mb,NFCORE_RANGELAND:RANGELAND:PREPROCESSING:FORCE_PREPROCESS (LT05_L1TP_180036_20040603_20200903_02_T1) (3632),NFCORE_RANGELAND:RANGELAND:PREPROCESSING:FORCE_PREPROCESS (LT05_L1TP_180036_20040603_20200903_02_T1) (3632),544447,3632
,,0,2024-02-15T15:35:02.39552376Z,2024-03-16T15:35:02.39552376Z,2024-03-16T01:13:58.752581938Z,1972.05,docker_used_memory_mb,NFCORE_RANGELAND:RANGELAND:PREPROCESSING:FORCE_PREPROCESS (LT05_L1TP_180036_20040603_20200903_02_T1) (3632),NFCORE_RANGELAND:RANGELAND:PREPROCESSING:FORCE_PREPROCESS (LT05_L1TP_180036_20040603_20200903_02_T1) (3632),544447,3632
,,0,2024-02-15T15:35:02.39552376Z,2024-03-16T15:35:02.39552376Z,2024-03-16T01:14:00.752864065Z,1972.05,docker_used_memory_mb,NFCORE_RANGELAND:RANGELAND:PREPROCESSING:FORCE_PREPROCESS (LT05_L1TP_180036_20040603_20200903_02_T1) (3632),NFCORE_RANGELAND:RANGELAND:PREPROCESSING:FORCE_PREPROCESS (LT05_L1TP_180036_20040603_20200903_02_T1) (3632),544447,3632
,,0,2024-02-15T15:35:02.39552376Z,2024-03-16T15:35:02.39552376Z,2024-03-16T01:14:02.752657555Z,1972.35,docker_used_memory_mb,NFCORE_RANGELAND:RANGELAND:PREPROCESSING:FORCE_PREPROCESS (LT05_L1TP_180036_20040603_20200903_02_T1) (3632),NFCORE_RANGELAND:RANGELAND:PREPROCESSING:FORCE_PREPROCESS (LT05_L1TP_180036_20040603_20200903_02_T1) (3632),544447,3632
,,0,2024-02-15T15:35:02.39552376Z,2024-03-16T15:35:02.39552376Z,2024-03-16T01:14:05.752963139Z,1972.26,docker_used_memory_mb,NFCORE_RANGELAND:RANGELAND:PREPROCESSING:FORCE_PREPROCESS (LT05_L1TP_180036_20040603_20200903_02_T1) (3632),NFCORE_RANGELAND:RANGELAND:PREPROCESSING:FORCE_PREPROCESS (LT05_L1TP_180036_20040603_20200903_02_T1) (3632),544447,3632
,,0,2024-02-15T15:35:02.39552376Z,2024-03-16T15:35:02.39552376Z,2024-03-16T01:14:07.752626654Z,1972.67,docker_used_memory_mb,NFCORE_RANGELAND:RANGELAND:PREPROCESSING:FORCE_PREPROCESS (LT05_L1TP_180036_20040603_20200903_02_T1) (3632),NFCORE_RANGELAND:RANGELAND:PREPROCESSING:FORCE_PREPROCESS (LT05_L1TP_180036_20040603_20200903_02_T1) (3632),544447,3632
,,0,2024-02-15T15:35:02.39552376Z,2024-03-16T15:35:02.39552376Z,2024-03-16T01:14:09.753704565Z,1972.26,docker_used_memory_mb,NFCORE_RANGELAND:RANGELAND:PREPROCESSING:FORCE_PREPROCESS (LT05_L1TP_180036_20040603_20200903_02_T1) (3632),NFCORE_RANGELAND:RANGELAND:PREPROCESSING:FORCE_PREPROCESS (LT05_L1TP_180036_20040603_20200903_02_T1) (3632),544447,3632
,,0,2024-02-15T15:35:02.39552376Z,2024-03-16T15:35:02.39552376Z,2024-03-16T01:14:11.752973316Z,1972.23,docker_used_memory_mb,NFCORE_RANGELAND:RANGELAND:PREPROCESSING:FORCE_PREPROCESS (LT05_L1TP_180036_20040603_20200903_02_T1) (3632),NFCORE_RANGELAND:RANGELAND:PREPROCESSING:FORCE_PREPROCESS (LT05_L1TP_180036_20040603_20200903_02_T1) (3632),544447,3632
,,0,2024-02-15T15:35:02.39552376Z,2024-03-16T15:35:02.39552376Z,2024-03-16T01:14:13.752571777Z,1857.25,docker_used_memory_mb,NFCORE_RANGELAND:RANGELAND:PREPROCESSING:FORCE_PREPROCESS (LT05_L1TP_180036_20040603_20200903_02_T1) (3632),NFCORE_RANGELAND:RANGELAND:PREPROCESSING:FORCE_PREPROCESS (LT05_L1TP_180036_20040603_20200903_02_T1) (3632),544447,3632
,,0,2024-02-15T15:35:02.39552376Z,2024-03-16T15:35:02.39552376Z,2024-03-16T01:14:15.753075508Z,2247.91,docker_used_memory_mb,NFCORE_RANGELAND:RANGELAND:PREPROCESSING:FORCE_PREPROCESS (LT05_L1TP_180036_20040603_20200903_02_T1) (3632),NFCORE_RANGELAND:RANGELAND:PREPROCESSING:FORCE_PREPROCESS (LT05_L1TP_180036_20040603_20200903_02_T1) (3632),544447,3632
,,0,2024-02-15T15:35:02.39552376Z,2024-03-16T15:35:02.39552376Z,2024-03-16T01:14:17.752797002Z,2212.91,docker_used_memory_mb,NFCORE_RANGELAND:RANGELAND:PREPROCESSING:FORCE_PREPROCESS (LT05_L1TP_180036_20040603_20200903_02_T1) (3632),NFCORE_RANGELAND:RANGELAND:PREPROCESSING:FORCE_PREPROCESS (LT05_L1TP_180036_20040603_20200903_02_T1) (3632),544447,3632
,,0,2024-02-15T15:35:02.39552376Z,2024-03-16T15:35:02.39552376Z,2024-03-16T01:14:19.752183925Z,2345.58,docker_used_memory_mb,NFCORE_RANGELAND:RANGELAND:PREPROCESSING:FORCE_PREPROCESS (LT05_L1TP_180036_20040603_20200903_02_T1) (3632),NFCORE_RANGELAND:RANGELAND:PREPROCESSING:FORCE_PREPROCESS (LT05_L1TP_180036_20040603_20200903_02_T1) (3632),544447,3632
,,0,2024-02-15T15:35:02.39552376Z,2024-03-16T15:35:02.39552376Z,2024-03-16T01:14:21.752717135Z,2367.64,docker_used_memory_mb,NFCORE_RANGELAND:RANGELAND:PREPROCESSING:FORCE_PREPROCESS (LT05_L1TP_180036_20040603_20200903_02_T1) (3632),NFCORE_RANGELAND:RANGELAND:PREPROCESSING:FORCE_PREPROCESS (LT05_L1TP_180036_20040603_20200903_02_T1) (3632),544447,3632
,,0,2024-02-15T15:35:02.39552376Z,2024-03-16T15:35:02.39552376Z,2024-03-16T01:14:23.752298763Z,2078.62,docker_used_memory_mb,NFCORE_RANGELAND:RANGELAND:PREPROCESSING:FORCE_PREPROCESS (LT05_L1TP_180036_20040603_20200903_02_T1) (3632),NFCORE_RANGELAND:RANGELAND:PREPROCESSING:FORCE_PREPROCESS (LT05_L1TP_180036_20040603_20200903_02_T1) (3632),544447,3632
,,0,2024-02-15T15:35:02.39552376Z,2024-03-16T15:35:02.39552376Z,2024-03-16T01:14:25.75275258Z,1967.6,docker_used_memory_mb,NFCORE_RANGELAND:RANGELAND:PREPROCESSING:FORCE_PREPROCESS (LT05_L1TP_180036_20040603_20200903_02_T1) (3632),NFCORE_RANGELAND:RANGELAND:PREPROCESSING:FORCE_PREPROCESS (LT05_L1TP_180036_20040603_20200903_02_T1) (3632),544447,3632
,,0,2024-02-15T15:35:02.39552376Z,2024-03-16T15:35:02.39552376Z,2024-03-16T01:14:27.752527584Z,2309.64,docker_used_memory_mb,NFCORE_RANGELAND:RANGELAND:PREPROCESSING:FORCE_PREPROCESS (LT05_L1TP_180036_20040603_20200903_02_T1) (3632),NFCORE_RANGELAND:RANGELAND:PREPROCESSING:FORCE_PREPROCESS (LT05_L1TP_180036_20040603_20200903_02_T1) (3632),544447,3632
,,0,2024-02-15T15:35:02.39552376Z,2024-03-16T15:35:02.39552376Z,2024-03-16T01:14:29.752991089Z,2323.77,docker_used_memory_mb,NFCORE_RANGELAND:RANGELAND:PREPROCESSING:FORCE_PREPROCESS (LT05_L1TP_180036_20040603_20200903_02_T1) (3632),NFCORE_RANGELAND:RANGELAND:PREPROCESSING:FORCE_PREPROCESS (LT05_L1TP_180036_20040603_20200903_02_T1) (3632),544447,3632
,,0,2024-02-15T15:35:02.39552376Z,2024-03-16T15:35:02.39552376Z,2024-03-16T01:14:31.752305127Z,2002.29,docker_used_memory_mb,NFCORE_RANGELAND:RANGELAND:PREPROCESSING:FORCE_PREPROCESS (LT05_L1TP_180036_20040603_20200903_02_T1) (3632),NFCORE_RANGELAND:RANGELAND:PREPROCESSING:FORCE_PREPROCESS (LT05_L1TP_180036_20040603_20200903_02_T1) (3632),544447,3632
,,0,2024-02-15T15:35:02.39552376Z,2024-03-16T15:35:02.39552376Z,2024-03-16T01:14:33.752855585Z,1983.46,docker_used_memory_mb,NFCORE_RANGELAND:RANGELAND:PREPROCESSING:FORCE_PREPROCESS (LT05_L1TP_180036_20040603_20200903_02_T1) (3632),NFCORE_RANGELAND:RANGELAND:PREPROCESSING:FORCE_PREPROCESS (LT05_L1TP_180036_20040603_20200903_02_T1) (3632),544447,3632
,,0,2024-02-15T15:35:02.39552376Z,2024-03-16T15:35:02.39552376Z,2024-03-16T01:14:35.752336967Z,2087.27,docker_used_memory_mb,NFCORE_RANGELAND:RANGELAND:PREPROCESSING:FORCE_PREPROCESS (LT05_L1TP_180036_20040603_20200903_02_T1) (3632),NFCORE_RANGELAND:RANGELAND:PREPROCESSING:FORCE_PREPROCESS (LT05_L1TP_180036_20040603_20200903_02_T1) (3632),544447,3632
,,0,2024-02-15T15:35:02.39552376Z,2024-03-16T15:35:02.39552376Z,2024-03-16T01:14:37.752864373Z,2695.4,docker_used_memory_mb,NFCORE_RANGELAND:RANGELAND:PREPROCESSING:FORCE_PREPROCESS (LT05_L1TP_180036_20040603_20200903_02_T1) (3632),NFCORE_RANGELAND:RANGELAND:PREPROCESSING:FORCE_PREPROCESS (LT05_L1TP_180036_20040603_20200903_02_T1) (3632),544447,3632
,,0,2024-02-15T15:35:02.39552376Z,2024-03-16T15:35:02.39552376Z,2024-03-16T01:14:39.752364905Z,2172.62,docker_used_memory_mb,NFCORE_RANGELAND:RANGELAND:PREPROCESSING:FORCE_PREPROCESS (LT05_L1TP_180036_20040603_20200903_02_T1) (3632),NFCORE_RANGELAND:RANGELAND:PREPROCESSING:FORCE_PREPROCESS (LT05_L1TP_180036_20040603_20200903_02_T1) (3632),544447,3632
,,0,2024-02-15T15:35:02.39552376Z,2024-03-16T15:35:02.39552376Z,2024-03-16T01:14:41.752811697Z,2567.68,docker_used_memory_mb,NFCORE_RANGELAND:RANGELAND:PREPROCESSING:FORCE_PREPROCESS (LT05_L1TP_180036_20040603_20200903_02_T1) (3632),NFCORE_RANGELAND:RANGELAND:PREPROCESSING:FORCE_PREPROCESS (LT05_L1TP_180036_20040603_20200903_02_T1) (3632),544447,3632
,,0,2024-02-15T15:35:02.39552376Z,2024-03-16T15:35:02.39552376Z,2024-03-16T01:14:43.752321729Z,2173.04,docker_used_memory_mb,NFCORE_RANGELAND:RANGELAND:PREPROCESSING:FORCE_PREPROCESS (LT05_L1TP_180036_20040603_20200903_02_T1) (3632),NFCORE_RANGELAND:RANGELAND:PREPROCESSING:FORCE_PREPROCESS (LT05_L1TP_180036_20040603_20200903_02_T1) (3632),544447,3632
,,0,2024-02-15T15:35:02.39552376Z,2024-03-16T15:35:02.39552376Z,2024-03-16T01:14:45.752836242Z,2172.98,docker_used_memory_mb,NFCORE_RANGELAND:RANGELAND:PREPROCESSING:FORCE_PREPROCESS (LT05_L1TP_180036_20040603_20200903_02_T1) (3632),NFCORE_RANGELAND:RANGELAND:PREPROCESSING:FORCE_PREPROCESS (LT05_L1TP_180036_20040603_20200903_02_T1) (3632),544447,3632
,,0,2024-02-15T15:35:02.39552376Z,2024-03-16T15:35:02.39552376Z,2024-03-16T01:14:47.752277461Z,2695.74,docker_used_memory_mb,NFCORE_RANGELAND:RANGELAND:PREPROCESSING:FORCE_PREPROCESS (LT05_L1TP_180036_20040603_20200903_02_T1) (3632),NFCORE_RANGELAND:RANGELAND:PREPROCESSING:FORCE_PREPROCESS (LT05_L1TP_180036_20040603_20200903_02_T1) (3632),544447,3632
,,0,2024-02-15T15:35:02.39552376Z,2024-03-16T15:35:02.39552376Z,2024-03-16T01:14:49.752753972Z,2172.91,docker_used_memory_mb,NFCORE_RANGELAND:RANGELAND:PREPROCESSING:FORCE_PREPROCESS (LT05_L1TP_180036_20040603_20200903_02_T1) (3632),NFCORE_RANGELAND:RANGELAND:PREPROCESSING:FORCE_PREPROCESS (LT05_L1TP_180036_20040603_20200903_02_T1) (3632),544447,3632
,,0,2024-02-15T15:35:02.39552376Z,2024-03-16T15:35:02.39552376Z,2024-03-16T01:14:51.752322254Z,2694.97,docker_used_memory_mb,NFCORE_RANGELAND:RANGELAND:PREPROCESSING:FORCE_PREPROCESS (LT05_L1TP_180036_20040603_20200903_02_T1) (3632),NFCORE_RANGELAND:RANGELAND:PREPROCESSING:FORCE_PREPROCESS (LT05_L1TP_180036_20040603_20200903_02_T1) (3632),544447,3632
,,0,2024-02-15T15:35:02.39552376Z,2024-03-16T15:35:02.39552376Z,2024-03-16T01:14:53.752901958Z,2173.18,docker_used_memory_mb,NFCORE_RANGELAND:RANGELAND:PREPROCESSING:FORCE_PREPROCESS (LT05_L1TP_180036_20040603_20200903_02_T1) (3632),NFCORE_RANGELAND:RANGELAND:PREPROCESSING:FORCE_PREPROCESS (LT05_L1TP_180036_20040603_20200903_02_T1) (3632),544447,3632
,,0,2024-02-15T15:35:02.39552376Z,2024-03-16T15:35:02.39552376Z,2024-03-16T01:14:55.752445057Z,2378.95,docker_used_memory_mb,NFCORE_RANGELAND:RANGELAND:PREPROCESSING:FORCE_PREPROCESS (LT05_L1TP_180036_20040603_20200903_02_T1) (3632),NFCORE_RANGELAND:RANGELAND:PREPROCESSING:FORCE_PREPROCESS (LT05_L1TP_180036_20040603_20200903_02_T1) (3632),544447,3632
,,0,2024-02-15T15:35:02.39552376Z,2024-03-16T15:35:02.39552376Z,2024-03-16T01:14:57.75300757Z,2774.49,docker_used_memory_mb,NFCORE_RANGELAND:RANGELAND:PREPROCESSING:FORCE_PREPROCESS (LT05_L1TP_180036_20040603_20200903_02_T1) (3632),NFCORE_RANGELAND:RANGELAND:PREPROCESSING:FORCE_PREPROCESS (LT05_L1TP_180036_20040603_20200903_02_T1) (3632),544447,3632
,,0,2024-02-15T15:35:02.39552376Z,2024-03-16T15:35:02.39552376Z,2024-03-16T01:14:59.752642752Z,2124.15,docker_used_memory_mb,NFCORE_RANGELAND:RANGELAND:PREPROCESSING:FORCE_PREPROCESS (LT05_L1TP_180036_20040603_20200903_02_T1) (3632),NFCORE_RANGELAND:RANGELAND:PREPROCESSING:FORCE_PREPROCESS (LT05_L1TP_180036_20040603_20200903_02_T1) (3632),544447,3632
,,0,2024-02-15T15:35:02.39552376Z,2024-03-16T15:35:02.39552376Z,2024-03-16T01:15:01.75218618Z,2695.38,docker_used_memory_mb,NFCORE_RANGELAND:RANGELAND:PREPROCESSING:FORCE_PREPROCESS (LT05_L1TP_180036_20040603_20200903_02_T1) (3632),NFCORE_RANGELAND:RANGELAND:PREPROCESSING:FORCE_PREPROCESS (LT05_L1TP_180036_20040603_20200903_02_T1) (3632),544447,3632
,,0,2024-02-15T15:35:02.39552376Z,2024-03-16T15:35:02.39552376Z,2024-03-16T01:15:03.752583996Z,2173.52,docker_used_memory_mb,NFCORE_RANGELAND:RANGELAND:PREPROCESSING:FORCE_PREPROCESS (LT05_L1TP_180036_20040603_20200903_02_T1) (3632),NFCORE_RANGELAND:RANGELAND:PREPROCESSING:FORCE_PREPROCESS (LT05_L1TP_180036_20040603_20200903_02_T1) (3632),544447,3632
,,0,2024-02-15T15:35:02.39552376Z,2024-03-16T15:35:02.39552376Z,2024-03-16T01:15:05.752282128Z,4225.97,docker_used_memory_mb,NFCORE_RANGELAND:RANGELAND:PREPROCESSING:FORCE_PREPROCESS (LT05_L1TP_180036_20040603_20200903_02_T1) (3632),NFCORE_RANGELAND:RANGELAND:PREPROCESSING:FORCE_PREPROCESS (LT05_L1TP_180036_20040603_20200903_02_T1) (3632),544447,3632
,,0,2024-02-15T15:35:02.39552376Z,2024-03-16T15:35:02.39552376Z,2024-03-16T01:15:07.752771937Z,4227.62,docker_used_memory_mb,NFCORE_RANGELAND:RANGELAND:PREPROCESSING:FORCE_PREPROCESS (LT05_L1TP_180036_20040603_20200903_02_T1) (3632),NFCORE_RANGELAND:RANGELAND:PREPROCESSING:FORCE_PREPROCESS (LT05_L1TP_180036_20040603_20200903_02_T1) (3632),544447,3632
,,0,2024-02-15T15:35:02.39552376Z,2024-03-16T15:35:02.39552376Z,2024-03-16T01:15:09.752300413Z,4226.79,docker_used_memory_mb,NFCORE_RANGELAND:RANGELAND:PREPROCESSING:FORCE_PREPROCESS (LT05_L1TP_180036_20040603_20200903_02_T1) (3632),NFCORE_RANGELAND:RANGELAND:PREPROCESSING:FORCE_PREPROCESS (LT05_L1TP_180036_20040603_20200903_02_T1) (3632),544447,3632
,,0,2024-02-15T15:35:02.39552376Z,2024-03-16T15:35:02.39552376Z,2024-03-16T01:15:11.753031318Z,4226.79,docker_used_memory_mb,NFCORE_RANGELAND:RANGELAND:PREPROCESSING:FORCE_PREPROCESS (LT05_L1TP_180036_20040603_20200903_02_T1) (3632),NFCORE_RANGELAND:RANGELAND:PREPROCESSING:FORCE_PREPROCESS (LT05_L1TP_180036_20040603_20200903_02_T1) (3632),544447,3632
,,0,2024-02-15T15:35:02.39552376Z,2024-03-16T15:35:02.39552376Z,2024-03-16T01:15:13.752500251Z,4226.65,docker_used_memory_mb,NFCORE_RANGELAND:RANGELAND:PREPROCESSING:FORCE_PREPROCESS (LT05_L1TP_180036_20040603_20200903_02_T1) (3632),NFCORE_RANGELAND:RANGELAND:PREPROCESSING:FORCE_PREPROCESS (LT05_L1TP_180036_20040603_20200903_02_T1) (3632),544447,3632
,,0,2024-02-15T15:35:02.39552376Z,2024-03-16T15:35:02.39552376Z,2024-03-16T01:15:15.753244966Z,4226.65,docker_used_memory_mb,NFCORE_RANGELAND:RANGELAND:PREPROCESSING:FORCE_PREPROCESS (LT05_L1TP_180036_20040603_20200903_02_T1) (3632),NFCORE_RANGELAND:RANGELAND:PREPROCESSING:FORCE_PREPROCESS (LT05_L1TP_180036_20040603_20200903_02_T1) (3632),544447,3632
,,0,2024-02-15T15:35:02.39552376Z,2024-03-16T15:35:02.39552376Z,2024-03-16T01:15:17.752603964Z,4226.98,docker_used_memory_mb,NFCORE_RANGELAND:RANGELAND:PREPROCESSING:FORCE_PREPROCESS (LT05_L1TP_180036_20040603_20200903_02_T1) (3632),NFCORE_RANGELAND:RANGELAND:PREPROCESSING:FORCE_PREPROCESS (LT05_L1TP_180036_20040603_20200903_02_T1) (3632),544447,3632
,,0,2024-02-15T15:35:02.39552376Z,2024-03-16T15:35:02.39552376Z,2024-03-16T01:15:19.752029435Z,4226.75,docker_used_memory_mb,NFCORE_RANGELAND:RANGELAND:PREPROCESSING:FORCE_PREPROCESS (LT05_L1TP_180036_20040603_20200903_02_T1) (3632),NFCORE_RANGELAND:RANGELAND:PREPROCESSING:FORCE_PREPROCESS (LT05_L1TP_180036_20040603_20200903_02_T1) (3632),544447,3632
,,0,2024-02-15T15:35:02.39552376Z,2024-03-16T15:35:02.39552376Z,2024-03-16T01:15:21.752725617Z,4226.75,docker_used_memory_mb,NFCORE_RANGELAND:RANGELAND:PREPROCESSING:FORCE_PREPROCESS (LT05_L1TP_180036_20040603_20200903_02_T1) (3632),NFCORE_RANGELAND:RANGELAND:PREPROCESSING:FORCE_PREPROCESS (LT05_L1TP_180036_20040603_20200903_02_T1) (3632),544447,3632
,,0,2024-02-15T15:35:02.39552376Z,2024-03-16T15:35:02.39552376Z,2024-03-16T01:15:23.752099964Z,4227.01,docker_used_memory_mb,NFCORE_RANGELAND:RANGELAND:PREPROCESSING:FORCE_PREPROCESS (LT05_L1TP_180036_20040603_20200903_02_T1) (3632),NFCORE_RANGELAND:RANGELAND:PREPROCESSING:FORCE_PREPROCESS (LT05_L1TP_180036_20040603_20200903_02_T1) (3632),544447,3632
,,0,2024-02-15T15:35:02.39552376Z,2024-03-16T15:35:02.39552376Z,2024-03-16T01:15:26.752695881Z,4226.92,docker_used_memory_mb,NFCORE_RANGELAND:RANGELAND:PREPROCESSING:FORCE_PREPROCESS (LT05_L1TP_180036_20040603_20200903_02_T1) (3632),NFCORE_RANGELAND:RANGELAND:PREPROCESSING:FORCE_PREPROCESS (LT05_L1TP_180036_20040603_20200903_02_T1) (3632),544447,3632
,,0,2024-02-15T15:35:02.39552376Z,2024-03-16T15:35:02.39552376Z,2024-03-16T01:15:28.75213286Z,4227.69,docker_used_memory_mb,NFCORE_RANGELAND:RANGELAND:PREPROCESSING:FORCE_PREPROCESS (LT05_L1TP_180036_20040603_20200903_02_T1) (3632),NFCORE_RANGELAND:RANGELAND:PREPROCESSING:FORCE_PREPROCESS (LT05_L1TP_180036_20040603_20200903_02_T1) (3632),544447,3632
,,0,2024-02-15T15:35:02.39552376Z,2024-03-16T15:35:02.39552376Z,2024-03-16T01:15:30.752721696Z,4227.02,docker_used_memory_mb,NFCORE_RANGELAND:RANGELAND:PREPROCESSING:FORCE_PREPROCESS (LT05_L1TP_180036_20040603_20200903_02_T1) (3632),NFCORE_RANGELAND:RANGELAND:PREPROCESSING:FORCE_PREPROCESS (LT05_L1TP_180036_20040603_20200903_02_T1) (3632),544447,3632
,,0,2024-02-15T15:35:02.39552376Z,2024-03-16T15:35:02.39552376Z,2024-03-16T01:15:32.752204386Z,4227.02,docker_used_memory_mb,NFCORE_RANGELAND:RANGELAND:PREPROCESSING:FORCE_PREPROCESS (LT05_L1TP_180036_20040603_20200903_02_T1) (3632),NFCORE_RANGELAND:RANGELAND:PREPROCESSING:FORCE_PREPROCESS (LT05_L1TP_180036_20040603_20200903_02_T1) (3632),544447,3632
,,0,2024-02-15T15:35:02.39552376Z,2024-03-16T15:35:02.39552376Z,2024-03-16T01:15:34.75274184Z,4227.25,docker_used_memory_mb,NFCORE_RANGELAND:RANGELAND:PREPROCESSING:FORCE_PREPROCESS (LT05_L1TP_180036_20040603_20200903_02_T1) (3632),NFCORE_RANGELAND:RANGELAND:PREPROCESSING:FORCE_PREPROCESS (LT05_L1TP_180036_20040603_20200903_02_T1) (3632),544447,3632
,,0,2024-02-15T15:35:02.39552376Z,2024-03-16T15:35:02.39552376Z,2024-03-16T01:15:36.752211808Z,4227.1,docker_used_memory_mb,NFCORE_RANGELAND:RANGELAND:PREPROCESSING:FORCE_PREPROCESS (LT05_L1TP_180036_20040603_20200903_02_T1) (3632),NFCORE_RANGELAND:RANGELAND:PREPROCESSING:FORCE_PREPROCESS (LT05_L1TP_180036_20040603_20200903_02_T1) (3632),544447,3632
,,0,2024-02-15T15:35:02.39552376Z,2024-03-16T15:35:02.39552376Z,2024-03-16T01:15:38.752745041Z,4227.77,docker_used_memory_mb,NFCORE_RANGELAND:RANGELAND:PREPROCESSING:FORCE_PREPROCESS (LT05_L1TP_180036_20040603_20200903_02_T1) (3632),NFCORE_RANGELAND:RANGELAND:PREPROCESSING:FORCE_PREPROCESS (LT05_L1TP_180036_20040603_20200903_02_T1) (3632),544447,3632
,,0,2024-02-15T15:35:02.39552376Z,2024-03-16T15:35:02.39552376Z,2024-03-16T01:15:40.752192218Z,4227.04,docker_used_memory_mb,NFCORE_RANGELAND:RANGELAND:PREPROCESSING:FORCE_PREPROCESS (LT05_L1TP_180036_20040603_20200903_02_T1) (3632),NFCORE_RANGELAND:RANGELAND:PREPROCESSING:FORCE_PREPROCESS (LT05_L1TP_180036_20040603_20200903_02_T1) (3632),544447,3632
,,0,2024-02-15T15:35:02.39552376Z,2024-03-16T15:35:02.39552376Z,2024-03-16T01:15:42.752694509Z,4227.04,docker_used_memory_mb,NFCORE_RANGELAND:RANGELAND:PREPROCESSING:FORCE_PREPROCESS (LT05_L1TP_180036_20040603_20200903_02_T1) (3632),NFCORE_RANGELAND:RANGELAND:PREPROCESSING:FORCE_PREPROCESS (LT05_L1TP_180036_20040603_20200903_02_T1) (3632),544447,3632
,,0,2024-02-15T15:35:02.39552376Z,2024-03-16T15:35:02.39552376Z,2024-03-16T01:15:44.752216007Z,4227.22,docker_used_memory_mb,NFCORE_RANGELAND:RANGELAND:PREPROCESSING:FORCE_PREPROCESS (LT05_L1TP_180036_20040603_20200903_02_T1) (3632),NFCORE_RANGELAND:RANGELAND:PREPROCESSING:FORCE_PREPROCESS (LT05_L1TP_180036_20040603_20200903_02_T1) (3632),544447,3632
,,0,2024-02-15T15:35:02.39552376Z,2024-03-16T15:35:02.39552376Z,2024-03-16T01:15:46.752667076Z,4227.22,docker_used_memory_mb,NFCORE_RANGELAND:RANGELAND:PREPROCESSING:FORCE_PREPROCESS (LT05_L1TP_180036_20040603_20200903_02_T1) (3632),NFCORE_RANGELAND:RANGELAND:PREPROCESSING:FORCE_PREPROCESS (LT05_L1TP_180036_20040603_20200903_02_T1) (3632),544447,3632
,,0,2024-02-15T15:35:02.39552376Z,2024-03-16T15:35:02.39552376Z,2024-03-16T01:15:48.752171143Z,4227.61,docker_used_memory_mb,NFCORE_RANGELAND:RANGELAND:PREPROCESSING:FORCE_PREPROCESS (LT05_L1TP_180036_20040603_20200903_02_T1) (3632),NFCORE_RANGELAND:RANGELAND:PREPROCESSING:FORCE_PREPROCESS (LT05_L1TP_180036_20040603_20200903_02_T1) (3632),544447,3632
,,0,2024-02-15T15:35:02.39552376Z,2024-03-16T15:35:02.39552376Z,2024-03-16T01:15:50.752621741Z,4227.25,docker_used_memory_mb,NFCORE_RANGELAND:RANGELAND:PREPROCESSING:FORCE_PREPROCESS (LT05_L1TP_180036_20040603_20200903_02_T1) (3632),NFCORE_RANGELAND:RANGELAND:PREPROCESSING:FORCE_PREPROCESS (LT05_L1TP_180036_20040603_20200903_02_T1) (3632),544447,3632
,,0,2024-02-15T15:35:02.39552376Z,2024-03-16T15:35:02.39552376Z,2024-03-16T01:15:52.752043694Z,4227.25,docker_used_memory_mb,NFCORE_RANGELAND:RANGELAND:PREPROCESSING:FORCE_PREPROCESS (LT05_L1TP_180036_20040603_20200903_02_T1) (3632),NFCORE_RANGELAND:RANGELAND:PREPROCESSING:FORCE_PREPROCESS (LT05_L1TP_180036_20040603_20200903_02_T1) (3632),544447,3632
,,0,2024-02-15T15:35:02.39552376Z,2024-03-16T15:35:02.39552376Z,2024-03-16T01:15:54.752740659Z,2629.57,docker_used_memory_mb,NFCORE_RANGELAND:RANGELAND:PREPROCESSING:FORCE_PREPROCESS (LT05_L1TP_180036_20040603_20200903_02_T1) (3632),NFCORE_RANGELAND:RANGELAND:PREPROCESSING:FORCE_PREPROCESS (LT05_L1TP_180036_20040603_20200903_02_T1) (3632),544447,3632
,,0,2024-02-15T15:35:02.39552376Z,2024-03-16T15:35:02.39552376Z,2024-03-16T01:15:56.752283586Z,2629.52,docker_used_memory_mb,NFCORE_RANGELAND:RANGELAND:PREPROCESSING:FORCE_PREPROCESS (LT05_L1TP_180036_20040603_20200903_02_T1) (3632),NFCORE_RANGELAND:RANGELAND:PREPROCESSING:FORCE_PREPROCESS (LT05_L1TP_180036_20040603_20200903_02_T1) (3632),544447,3632
,,0,2024-02-15T15:35:02.39552376Z,2024-03-16T15:35:02.39552376Z,2024-03-16T01:15:58.752845466Z,2629.67,docker_used_memory_mb,NFCORE_RANGELAND:RANGELAND:PREPROCESSING:FORCE_PREPROCESS (LT05_L1TP_180036_20040603_20200903_02_T1) (3632),NFCORE_RANGELAND:RANGELAND:PREPROCESSING:FORCE_PREPROCESS (LT05_L1TP_180036_20040603_20200903_02_T1) (3632),544447,3632
,,0,2024-02-15T15:35:02.39552376Z,2024-03-16T15:35:02.39552376Z,2024-03-16T01:16:00.752356631Z,2629.67,docker_used_memory_mb,NFCORE_RANGELAND:RANGELAND:PREPROCESSING:FORCE_PREPROCESS (LT05_L1TP_180036_20040603_20200903_02_T1) (3632),NFCORE_RANGELAND:RANGELAND:PREPROCESSING:FORCE_PREPROCESS (LT05_L1TP_180036_20040603_20200903_02_T1) (3632),544447,3632
,,0,2024-02-15T15:35:02.39552376Z,2024-03-16T15:35:02.39552376Z,2024-03-16T01:16:02.752993562Z,2629.67,docker_used_memory_mb,NFCORE_RANGELAND:RANGELAND:PREPROCESSING:FORCE_PREPROCESS (LT05_L1TP_180036_20040603_20200903_02_T1) (3632),NFCORE_RANGELAND:RANGELAND:PREPROCESSING:FORCE_PREPROCESS (LT05_L1TP_180036_20040603_20200903_02_T1) (3632),544447,3632
,,0,2024-02-15T15:35:02.39552376Z,2024-03-16T15:35:02.39552376Z,2024-03-16T01:16:04.752327761Z,2629.8,docker_used_memory_mb,NFCORE_RANGELAND:RANGELAND:PREPROCESSING:FORCE_PREPROCESS (LT05_L1TP_180036_20040603_20200903_02_T1) (3632),NFCORE_RANGELAND:RANGELAND:PREPROCESSING:FORCE_PREPROCESS (LT05_L1TP_180036_20040603_20200903_02_T1) (3632),544447,3632
,,0,2024-02-15T15:35:02.39552376Z,2024-03-16T15:35:02.39552376Z,2024-03-16T01:16:06.75292362Z,2629.8,docker_used_memory_mb,NFCORE_RANGELAND:RANGELAND:PREPROCESSING:FORCE_PREPROCESS (LT05_L1TP_180036_20040603_20200903_02_T1) (3632),NFCORE_RANGELAND:RANGELAND:PREPROCESSING:FORCE_PREPROCESS (LT05_L1TP_180036_20040603_20200903_02_T1) (3632),544447,3632
,,0,2024-02-15T15:35:02.39552376Z,2024-03-16T15:35:02.39552376Z,2024-03-16T01:16:08.752435453Z,2629.75,docker_used_memory_mb,NFCORE_RANGELAND:RANGELAND:PREPROCESSING:FORCE_PREPROCESS (LT05_L1TP_180036_20040603_20200903_02_T1) (3632),NFCORE_RANGELAND:RANGELAND:PREPROCESSING:FORCE_PREPROCESS (LT05_L1TP_180036_20040603_20200903_02_T1) (3632),544447,3632
,,0,2024-02-15T15:35:02.39552376Z,2024-03-16T15:35:02.39552376Z,2024-03-16T01:16:10.752953459Z,2629.61,docker_used_memory_mb,NFCORE_RANGELAND:RANGELAND:PREPROCESSING:FORCE_PREPROCESS (LT05_L1TP_180036_20040603_20200903_02_T1) (3632),NFCORE_RANGELAND:RANGELAND:PREPROCESSING:FORCE_PREPROCESS (LT05_L1TP_180036_20040603_20200903_02_T1) (3632),544447,3632
,,0,2024-02-15T15:35:02.39552376Z,2024-03-16T15:35:02.39552376Z,2024-03-16T01:16:12.752548375Z,2629.61,docker_used_memory_mb,NFCORE_RANGELAND:RANGELAND:PREPROCESSING:FORCE_PREPROCESS (LT05_L1TP_180036_20040603_20200903_02_T1) (3632),NFCORE_RANGELAND:RANGELAND:PREPROCESSING:FORCE_PREPROCESS (LT05_L1TP_180036_20040603_20200903_02_T1) (3632),544447,3632
,,0,2024-02-15T15:35:02.39552376Z,2024-03-16T15:35:02.39552376Z,2024-03-16T01:16:15.752158944Z,2629.74,docker_used_memory_mb,NFCORE_RANGELAND:RANGELAND:PREPROCESSING:FORCE_PREPROCESS (LT05_L1TP_180036_20040603_20200903_02_T1) (3632),NFCORE_RANGELAND:RANGELAND:PREPROCESSING:FORCE_PREPROCESS (LT05_L1TP_180036_20040603_20200903_02_T1) (3632),544447,3632
,,0,2024-02-15T15:35:02.39552376Z,2024-03-16T15:35:02.39552376Z,2024-03-16T01:16:17.752758901Z,2629.74,docker_used_memory_mb,NFCORE_RANGELAND:RANGELAND:PREPROCESSING:FORCE_PREPROCESS (LT05_L1TP_180036_20040603_20200903_02_T1) (3632),NFCORE_RANGELAND:RANGELAND:PREPROCESSING:FORCE_PREPROCESS (LT05_L1TP_180036_20040603_20200903_02_T1) (3632),544447,3632
,,0,2024-02-15T15:35:02.39552376Z,2024-03-16T15:35:02.39552376Z,2024-03-16T01:16:19.7521853Z,2629.58,docker_used_memory_mb,NFCORE_RANGELAND:RANGELAND:PREPROCESSING:FORCE_PREPROCESS (LT05_L1TP_180036_20040603_20200903_02_T1) (3632),NFCORE_RANGELAND:RANGELAND:PREPROCESSING:FORCE_PREPROCESS (LT05_L1TP_180036_20040603_20200903_02_T1) (3632),544447,3632
,,0,2024-02-15T15:35:02.39552376Z,2024-03-16T15:35:02.39552376Z,2024-03-16T01:16:21.752637831Z,2629.58,docker_used_memory_mb,NFCORE_RANGELAND:RANGELAND:PREPROCESSING:FORCE_PREPROCESS (LT05_L1TP_180036_20040603_20200903_02_T1) (3632),NFCORE_RANGELAND:RANGELAND:PREPROCESSING:FORCE_PREPROCESS (LT05_L1TP_180036_20040603_20200903_02_T1) (3632),544447,3632
,,0,2024-02-15T15:35:02.39552376Z,2024-03-16T15:35:02.39552376Z,2024-03-16T01:16:23.752324248Z,2306.03,docker_used_memory_mb,NFCORE_RANGELAND:RANGELAND:PREPROCESSING:FORCE_PREPROCESS (LT05_L1TP_180036_20040603_20200903_02_T1) (3632),NFCORE_RANGELAND:RANGELAND:PREPROCESSING:FORCE_PREPROCESS (LT05_L1TP_180036_20040603_20200903_02_T1) (3632),544447,3632
