#datatype,string,long,string,string,dateTime:RFC3339,dateTime:RFC3339,dateTime:RFC3339,long,string,string,string
#group,false,false,true,true,true,true,false,false,true,true,true
#default,_result,,,,,,,,,,
,result,table,_field,_measurement,_start,_stop,_time,_value,name,pid,tid
,,0,files_input_num,NFCORE_RANGELAND:RANGELAND:PREPROCESSING:FORCE_PREPROCESS (LT05_L1TP_182035_19951015_20211122_02_T1) (2049),2024-02-15T15:36:16.295116708Z,2024-03-16T15:36:16.295116708Z,2024-03-15T16:46:25.066574638Z,6724,NFCORE_RANGELAND:RANGELAND:PREPROCESSING:FORCE_PREPROCESS (LT05_L1TP_182035_19951015_20211122_02_T1) (2049),93840,2049
,,1,files_input_total_size,NFCORE_RANGELAND:RANGELAND:PREPROCESSING:FORCE_PREPROCESS (LT05_L1TP_182035_19951015_20211122_02_T1) (2049),2024-02-15T15:36:16.295116708Z,2024-03-16T15:36:16.295116708Z,2024-03-15T16:46:25.066574638Z,2971771335,NFCORE_RANGELAND:RANGELAND:PREPROCESSING:FORCE_PREPROCESS (LT05_L1TP_182035_19951015_20211122_02_T1) (2049),93840,2049
,,2,files_output_num,NFCORE_RANGELAND:RANGELAND:PREPROCESSING:FORCE_PREPROCESS (LT05_L1TP_182035_19951015_20211122_02_T1) (2049),2024-02-15T15:36:16.295116708Z,2024-03-16T15:36:16.295116708Z,2024-03-15T16:49:21.204903826Z,40,NFCORE_RANGELAND:RANGELAND:PREPROCESSING:FORCE_PREPROCESS (LT05_L1TP_182035_19951015_20211122_02_T1) (2049),93840,2049
,,3,files_output_total_size,NFCORE_RANGELAND:RANGELAND:PREPROCESSING:FORCE_PREPROCESS (LT05_L1TP_182035_19951015_20211122_02_T1) (2049),2024-02-15T15:36:16.295116708Z,2024-03-16T15:36:16.295116708Z,2024-03-15T16:49:21.204903826Z,80933533,NFCORE_RANGELAND:RANGELAND:PREPROCESSING:FORCE_PREPROCESS (LT05_L1TP_182035_19951015_20211122_02_T1) (2049),93840,2049
,,4,max_cpus,NFCORE_RANGELAND:RANGELAND:PREPROCESSING:FORCE_PREPROCESS (LT05_L1TP_182035_19951015_20211122_02_T1) (2049),2024-02-15T15:36:16.295116708Z,2024-03-16T15:36:16.295116708Z,2024-03-15T16:46:27.066767758Z,4,NFCORE_RANGELAND:RANGELAND:PREPROCESSING:FORCE_PREPROCESS (LT05_L1TP_182035_19951015_20211122_02_T1) (2049),93840,2049
,,5,max_mem,NFCORE_RANGELAND:RANGELAND:PREPROCESSING:FORCE_PREPROCESS (LT05_L1TP_182035_19951015_20211122_02_T1) (2049),2024-02-15T15:36:16.295116708Z,2024-03-16T15:36:16.295116708Z,2024-03-15T16:46:27.066767758Z,4718592000,NFCORE_RANGELAND:RANGELAND:PREPROCESSING:FORCE_PREPROCESS (LT05_L1TP_182035_19951015_20211122_02_T1) (2049),93840,2049
