#datatype,string,long,dateTime:RFC3339,dateTime:RFC3339,dateTime:RFC3339,double,string,string,string,string,string
#group,false,false,true,true,false,false,true,true,true,true,true
#default,_result,,,,,,,,,,
,result,table,_start,_stop,_time,_value,_field,_measurement,name,pid,tid
,,0,2024-02-14T11:32:41.323133047Z,2024-03-15T11:32:41.323133047Z,2024-03-14T23:20:55.72589429Z,575.24,docker_used_memory_mb,NFCORE_RANGELAND:RANGELAND:PREPROCESSING:FORCE_PREPROCESS (LT05_L1TP_181035_19950314_20200912_02_T1) (3482),NFCORE_RANGELAND:RANGELAND:PREPROCESSING:FORCE_PREPROCESS (LT05_L1TP_181035_19950314_20200912_02_T1) (3482),851728,3482
,,0,2024-02-14T11:32:41.323133047Z,2024-03-15T11:32:41.323133047Z,2024-03-14T23:20:58.725516294Z,1502.8,docker_used_memory_mb,NFCORE_RANGELAND:RANGELAND:PREPROCESSING:FORCE_PREPROCESS (LT05_L1TP_181035_19950314_20200912_02_T1) (3482),NFCORE_RANGELAND:RANGELAND:PREPROCESSING:FORCE_PREPROCESS (LT05_L1TP_181035_19950314_20200912_02_T1) (3482),851728,3482
,,0,2024-02-14T11:32:41.323133047Z,2024-03-15T11:32:41.323133047Z,2024-03-14T23:21:00.725990914Z,1503.93,docker_used_memory_mb,NFCORE_RANGELAND:RANGELAND:PREPROCESSING:FORCE_PREPROCESS (LT05_L1TP_181035_19950314_20200912_02_T1) (3482),NFCORE_RANGELAND:RANGELAND:PREPROCESSING:FORCE_PREPROCESS (LT05_L1TP_181035_19950314_20200912_02_T1) (3482),851728,3482
,,0,2024-02-14T11:32:41.323133047Z,2024-03-15T11:32:41.323133047Z,2024-03-14T23:21:02.725748251Z,1505.14,docker_used_memory_mb,NFCORE_RANGELAND:RANGELAND:PREPROCESSING:FORCE_PREPROCESS (LT05_L1TP_181035_19950314_20200912_02_T1) (3482),NFCORE_RANGELAND:RANGELAND:PREPROCESSING:FORCE_PREPROCESS (LT05_L1TP_181035_19950314_20200912_02_T1) (3482),851728,3482
,,0,2024-02-14T11:32:41.323133047Z,2024-03-15T11:32:41.323133047Z,2024-03-14T23:21:04.726114258Z,1985.34,docker_used_memory_mb,NFCORE_RANGELAND:RANGELAND:PREPROCESSING:FORCE_PREPROCESS (LT05_L1TP_181035_19950314_20200912_02_T1) (3482),NFCORE_RANGELAND:RANGELAND:PREPROCESSING:FORCE_PREPROCESS (LT05_L1TP_181035_19950314_20200912_02_T1) (3482),851728,3482
,,0,2024-02-14T11:32:41.323133047Z,2024-03-15T11:32:41.323133047Z,2024-03-14T23:21:06.725436511Z,2027.96,docker_used_memory_mb,NFCORE_RANGELAND:RANGELAND:PREPROCESSING:FORCE_PREPROCESS (LT05_L1TP_181035_19950314_20200912_02_T1) (3482),NFCORE_RANGELAND:RANGELAND:PREPROCESSING:FORCE_PREPROCESS (LT05_L1TP_181035_19950314_20200912_02_T1) (3482),851728,3482
,,0,2024-02-14T11:32:41.323133047Z,2024-03-15T11:32:41.323133047Z,2024-03-14T23:21:08.726055706Z,2027.61,docker_used_memory_mb,NFCORE_RANGELAND:RANGELAND:PREPROCESSING:FORCE_PREPROCESS (LT05_L1TP_181035_19950314_20200912_02_T1) (3482),NFCORE_RANGELAND:RANGELAND:PREPROCESSING:FORCE_PREPROCESS (LT05_L1TP_181035_19950314_20200912_02_T1) (3482),851728,3482
,,0,2024-02-14T11:32:41.323133047Z,2024-03-15T11:32:41.323133047Z,2024-03-14T23:21:10.725696711Z,2028.45,docker_used_memory_mb,NFCORE_RANGELAND:RANGELAND:PREPROCESSING:FORCE_PREPROCESS (LT05_L1TP_181035_19950314_20200912_02_T1) (3482),NFCORE_RANGELAND:RANGELAND:PREPROCESSING:FORCE_PREPROCESS (LT05_L1TP_181035_19950314_20200912_02_T1) (3482),851728,3482
,,0,2024-02-14T11:32:41.323133047Z,2024-03-15T11:32:41.323133047Z,2024-03-14T23:21:12.725878232Z,2028.33,docker_used_memory_mb,NFCORE_RANGELAND:RANGELAND:PREPROCESSING:FORCE_PREPROCESS (LT05_L1TP_181035_19950314_20200912_02_T1) (3482),NFCORE_RANGELAND:RANGELAND:PREPROCESSING:FORCE_PREPROCESS (LT05_L1TP_181035_19950314_20200912_02_T1) (3482),851728,3482
,,0,2024-02-14T11:32:41.323133047Z,2024-03-15T11:32:41.323133047Z,2024-03-14T23:21:14.725421583Z,2028.33,docker_used_memory_mb,NFCORE_RANGELAND:RANGELAND:PREPROCESSING:FORCE_PREPROCESS (LT05_L1TP_181035_19950314_20200912_02_T1) (3482),NFCORE_RANGELAND:RANGELAND:PREPROCESSING:FORCE_PREPROCESS (LT05_L1TP_181035_19950314_20200912_02_T1) (3482),851728,3482
,,0,2024-02-14T11:32:41.323133047Z,2024-03-15T11:32:41.323133047Z,2024-03-14T23:21:16.725941927Z,2028.63,docker_used_memory_mb,NFCORE_RANGELAND:RANGELAND:PREPROCESSING:FORCE_PREPROCESS (LT05_L1TP_181035_19950314_20200912_02_T1) (3482),NFCORE_RANGELAND:RANGELAND:PREPROCESSING:FORCE_PREPROCESS (LT05_L1TP_181035_19950314_20200912_02_T1) (3482),851728,3482
,,0,2024-02-14T11:32:41.323133047Z,2024-03-15T11:32:41.323133047Z,2024-03-14T23:21:18.725629893Z,2028.61,docker_used_memory_mb,NFCORE_RANGELAND:RANGELAND:PREPROCESSING:FORCE_PREPROCESS (LT05_L1TP_181035_19950314_20200912_02_T1) (3482),NFCORE_RANGELAND:RANGELAND:PREPROCESSING:FORCE_PREPROCESS (LT05_L1TP_181035_19950314_20200912_02_T1) (3482),851728,3482
,,0,2024-02-14T11:32:41.323133047Z,2024-03-15T11:32:41.323133047Z,2024-03-14T23:21:20.726045583Z,2029.08,docker_used_memory_mb,NFCORE_RANGELAND:RANGELAND:PREPROCESSING:FORCE_PREPROCESS (LT05_L1TP_181035_19950314_20200912_02_T1) (3482),NFCORE_RANGELAND:RANGELAND:PREPROCESSING:FORCE_PREPROCESS (LT05_L1TP_181035_19950314_20200912_02_T1) (3482),851728,3482
,,0,2024-02-14T11:32:41.323133047Z,2024-03-15T11:32:41.323133047Z,2024-03-14T23:21:22.725494912Z,1755.45,docker_used_memory_mb,NFCORE_RANGELAND:RANGELAND:PREPROCESSING:FORCE_PREPROCESS (LT05_L1TP_181035_19950314_20200912_02_T1) (3482),NFCORE_RANGELAND:RANGELAND:PREPROCESSING:FORCE_PREPROCESS (LT05_L1TP_181035_19950314_20200912_02_T1) (3482),851728,3482
,,0,2024-02-14T11:32:41.323133047Z,2024-03-15T11:32:41.323133047Z,2024-03-14T23:21:24.726016356Z,2111.5,docker_used_memory_mb,NFCORE_RANGELAND:RANGELAND:PREPROCESSING:FORCE_PREPROCESS (LT05_L1TP_181035_19950314_20200912_02_T1) (3482),NFCORE_RANGELAND:RANGELAND:PREPROCESSING:FORCE_PREPROCESS (LT05_L1TP_181035_19950314_20200912_02_T1) (3482),851728,3482
,,0,2024-02-14T11:32:41.323133047Z,2024-03-15T11:32:41.323133047Z,2024-03-14T23:21:26.725439744Z,2172.25,docker_used_memory_mb,NFCORE_RANGELAND:RANGELAND:PREPROCESSING:FORCE_PREPROCESS (LT05_L1TP_181035_19950314_20200912_02_T1) (3482),NFCORE_RANGELAND:RANGELAND:PREPROCESSING:FORCE_PREPROCESS (LT05_L1TP_181035_19950314_20200912_02_T1) (3482),851728,3482
,,0,2024-02-14T11:32:41.323133047Z,2024-03-15T11:32:41.323133047Z,2024-03-14T23:21:28.72602084Z,2775.67,docker_used_memory_mb,NFCORE_RANGELAND:RANGELAND:PREPROCESSING:FORCE_PREPROCESS (LT05_L1TP_181035_19950314_20200912_02_T1) (3482),NFCORE_RANGELAND:RANGELAND:PREPROCESSING:FORCE_PREPROCESS (LT05_L1TP_181035_19950314_20200912_02_T1) (3482),851728,3482
,,0,2024-02-14T11:32:41.323133047Z,2024-03-15T11:32:41.323133047Z,2024-03-14T23:21:30.725395078Z,2824.19,docker_used_memory_mb,NFCORE_RANGELAND:RANGELAND:PREPROCESSING:FORCE_PREPROCESS (LT05_L1TP_181035_19950314_20200912_02_T1) (3482),NFCORE_RANGELAND:RANGELAND:PREPROCESSING:FORCE_PREPROCESS (LT05_L1TP_181035_19950314_20200912_02_T1) (3482),851728,3482
,,0,2024-02-14T11:32:41.323133047Z,2024-03-15T11:32:41.323133047Z,2024-03-14T23:21:32.725910132Z,2533.23,docker_used_memory_mb,NFCORE_RANGELAND:RANGELAND:PREPROCESSING:FORCE_PREPROCESS (LT05_L1TP_181035_19950314_20200912_02_T1) (3482),NFCORE_RANGELAND:RANGELAND:PREPROCESSING:FORCE_PREPROCESS (LT05_L1TP_181035_19950314_20200912_02_T1) (3482),851728,3482
,,0,2024-02-14T11:32:41.323133047Z,2024-03-15T11:32:41.323133047Z,2024-03-14T23:21:34.725402363Z,2544.11,docker_used_memory_mb,NFCORE_RANGELAND:RANGELAND:PREPROCESSING:FORCE_PREPROCESS (LT05_L1TP_181035_19950314_20200912_02_T1) (3482),NFCORE_RANGELAND:RANGELAND:PREPROCESSING:FORCE_PREPROCESS (LT05_L1TP_181035_19950314_20200912_02_T1) (3482),851728,3482
,,0,2024-02-14T11:32:41.323133047Z,2024-03-15T11:32:41.323133047Z,2024-03-14T23:21:36.725743423Z,2738.6,docker_used_memory_mb,NFCORE_RANGELAND:RANGELAND:PREPROCESSING:FORCE_PREPROCESS (LT05_L1TP_181035_19950314_20200912_02_T1) (3482),NFCORE_RANGELAND:RANGELAND:PREPROCESSING:FORCE_PREPROCESS (LT05_L1TP_181035_19950314_20200912_02_T1) (3482),851728,3482
,,0,2024-02-14T11:32:41.323133047Z,2024-03-15T11:32:41.323133047Z,2024-03-14T23:21:38.725298136Z,2738.6,docker_used_memory_mb,NFCORE_RANGELAND:RANGELAND:PREPROCESSING:FORCE_PREPROCESS (LT05_L1TP_181035_19950314_20200912_02_T1) (3482),NFCORE_RANGELAND:RANGELAND:PREPROCESSING:FORCE_PREPROCESS (LT05_L1TP_181035_19950314_20200912_02_T1) (3482),851728,3482
,,0,2024-02-14T11:32:41.323133047Z,2024-03-15T11:32:41.323133047Z,2024-03-14T23:21:40.725885054Z,2738.87,docker_used_memory_mb,NFCORE_RANGELAND:RANGELAND:PREPROCESSING:FORCE_PREPROCESS (LT05_L1TP_181035_19950314_20200912_02_T1) (3482),NFCORE_RANGELAND:RANGELAND:PREPROCESSING:FORCE_PREPROCESS (LT05_L1TP_181035_19950314_20200912_02_T1) (3482),851728,3482
,,0,2024-02-14T11:32:41.323133047Z,2024-03-15T11:32:41.323133047Z,2024-03-14T23:21:42.725398897Z,2738.77,docker_used_memory_mb,NFCORE_RANGELAND:RANGELAND:PREPROCESSING:FORCE_PREPROCESS (LT05_L1TP_181035_19950314_20200912_02_T1) (3482),NFCORE_RANGELAND:RANGELAND:PREPROCESSING:FORCE_PREPROCESS (LT05_L1TP_181035_19950314_20200912_02_T1) (3482),851728,3482
,,0,2024-02-14T11:32:41.323133047Z,2024-03-15T11:32:41.323133047Z,2024-03-14T23:21:44.726103979Z,2738.77,docker_used_memory_mb,NFCORE_RANGELAND:RANGELAND:PREPROCESSING:FORCE_PREPROCESS (LT05_L1TP_181035_19950314_20200912_02_T1) (3482),NFCORE_RANGELAND:RANGELAND:PREPROCESSING:FORCE_PREPROCESS (LT05_L1TP_181035_19950314_20200912_02_T1) (3482),851728,3482
,,0,2024-02-14T11:32:41.323133047Z,2024-03-15T11:32:41.323133047Z,2024-03-14T23:21:46.725500898Z,2738.93,docker_used_memory_mb,NFCORE_RANGELAND:RANGELAND:PREPROCESSING:FORCE_PREPROCESS (LT05_L1TP_181035_19950314_20200912_02_T1) (3482),NFCORE_RANGELAND:RANGELAND:PREPROCESSING:FORCE_PREPROCESS (LT05_L1TP_181035_19950314_20200912_02_T1) (3482),851728,3482
,,0,2024-02-14T11:32:41.323133047Z,2024-03-15T11:32:41.323133047Z,2024-03-14T23:21:48.726259962Z,2738.92,docker_used_memory_mb,NFCORE_RANGELAND:RANGELAND:PREPROCESSING:FORCE_PREPROCESS (LT05_L1TP_181035_19950314_20200912_02_T1) (3482),NFCORE_RANGELAND:RANGELAND:PREPROCESSING:FORCE_PREPROCESS (LT05_L1TP_181035_19950314_20200912_02_T1) (3482),851728,3482
,,0,2024-02-14T11:32:41.323133047Z,2024-03-15T11:32:41.323133047Z,2024-03-14T23:21:50.725584199Z,2739.25,docker_used_memory_mb,NFCORE_RANGELAND:RANGELAND:PREPROCESSING:FORCE_PREPROCESS (LT05_L1TP_181035_19950314_20200912_02_T1) (3482),NFCORE_RANGELAND:RANGELAND:PREPROCESSING:FORCE_PREPROCESS (LT05_L1TP_181035_19950314_20200912_02_T1) (3482),851728,3482
,,0,2024-02-14T11:32:41.323133047Z,2024-03-15T11:32:41.323133047Z,2024-03-14T23:21:52.726001473Z,2739.12,docker_used_memory_mb,NFCORE_RANGELAND:RANGELAND:PREPROCESSING:FORCE_PREPROCESS (LT05_L1TP_181035_19950314_20200912_02_T1) (3482),NFCORE_RANGELAND:RANGELAND:PREPROCESSING:FORCE_PREPROCESS (LT05_L1TP_181035_19950314_20200912_02_T1) (3482),851728,3482
,,0,2024-02-14T11:32:41.323133047Z,2024-03-15T11:32:41.323133047Z,2024-03-14T23:21:54.725406983Z,2739.12,docker_used_memory_mb,NFCORE_RANGELAND:RANGELAND:PREPROCESSING:FORCE_PREPROCESS (LT05_L1TP_181035_19950314_20200912_02_T1) (3482),NFCORE_RANGELAND:RANGELAND:PREPROCESSING:FORCE_PREPROCESS (LT05_L1TP_181035_19950314_20200912_02_T1) (3482),851728,3482
,,0,2024-02-14T11:32:41.323133047Z,2024-03-15T11:32:41.323133047Z,2024-03-14T23:21:56.726074865Z,2739.29,docker_used_memory_mb,NFCORE_RANGELAND:RANGELAND:PREPROCESSING:FORCE_PREPROCESS (LT05_L1TP_181035_19950314_20200912_02_T1) (3482),NFCORE_RANGELAND:RANGELAND:PREPROCESSING:FORCE_PREPROCESS (LT05_L1TP_181035_19950314_20200912_02_T1) (3482),851728,3482
,,0,2024-02-14T11:32:41.323133047Z,2024-03-15T11:32:41.323133047Z,2024-03-14T23:21:58.725600119Z,2739.29,docker_used_memory_mb,NFCORE_RANGELAND:RANGELAND:PREPROCESSING:FORCE_PREPROCESS (LT05_L1TP_181035_19950314_20200912_02_T1) (3482),NFCORE_RANGELAND:RANGELAND:PREPROCESSING:FORCE_PREPROCESS (LT05_L1TP_181035_19950314_20200912_02_T1) (3482),851728,3482
,,0,2024-02-14T11:32:41.323133047Z,2024-03-15T11:32:41.323133047Z,2024-03-14T23:22:00.726079376Z,2739.81,docker_used_memory_mb,NFCORE_RANGELAND:RANGELAND:PREPROCESSING:FORCE_PREPROCESS (LT05_L1TP_181035_19950314_20200912_02_T1) (3482),NFCORE_RANGELAND:RANGELAND:PREPROCESSING:FORCE_PREPROCESS (LT05_L1TP_181035_19950314_20200912_02_T1) (3482),851728,3482
,,0,2024-02-14T11:32:41.323133047Z,2024-03-15T11:32:41.323133047Z,2024-03-14T23:22:02.725410844Z,2739.62,docker_used_memory_mb,NFCORE_RANGELAND:RANGELAND:PREPROCESSING:FORCE_PREPROCESS (LT05_L1TP_181035_19950314_20200912_02_T1) (3482),NFCORE_RANGELAND:RANGELAND:PREPROCESSING:FORCE_PREPROCESS (LT05_L1TP_181035_19950314_20200912_02_T1) (3482),851728,3482
,,0,2024-02-14T11:32:41.323133047Z,2024-03-15T11:32:41.323133047Z,2024-03-14T23:22:04.726058566Z,2739.49,docker_used_memory_mb,NFCORE_RANGELAND:RANGELAND:PREPROCESSING:FORCE_PREPROCESS (LT05_L1TP_181035_19950314_20200912_02_T1) (3482),NFCORE_RANGELAND:RANGELAND:PREPROCESSING:FORCE_PREPROCESS (LT05_L1TP_181035_19950314_20200912_02_T1) (3482),851728,3482
,,0,2024-02-14T11:32:41.323133047Z,2024-03-15T11:32:41.323133047Z,2024-03-14T23:22:06.725349753Z,2739.93,docker_used_memory_mb,NFCORE_RANGELAND:RANGELAND:PREPROCESSING:FORCE_PREPROCESS (LT05_L1TP_181035_19950314_20200912_02_T1) (3482),NFCORE_RANGELAND:RANGELAND:PREPROCESSING:FORCE_PREPROCESS (LT05_L1TP_181035_19950314_20200912_02_T1) (3482),851728,3482
,,0,2024-02-14T11:32:41.323133047Z,2024-03-15T11:32:41.323133047Z,2024-03-14T23:22:09.726051863Z,2739.93,docker_used_memory_mb,NFCORE_RANGELAND:RANGELAND:PREPROCESSING:FORCE_PREPROCESS (LT05_L1TP_181035_19950314_20200912_02_T1) (3482),NFCORE_RANGELAND:RANGELAND:PREPROCESSING:FORCE_PREPROCESS (LT05_L1TP_181035_19950314_20200912_02_T1) (3482),851728,3482
,,0,2024-02-14T11:32:41.323133047Z,2024-03-15T11:32:41.323133047Z,2024-03-14T23:22:11.725536327Z,2740.15,docker_used_memory_mb,NFCORE_RANGELAND:RANGELAND:PREPROCESSING:FORCE_PREPROCESS (LT05_L1TP_181035_19950314_20200912_02_T1) (3482),NFCORE_RANGELAND:RANGELAND:PREPROCESSING:FORCE_PREPROCESS (LT05_L1TP_181035_19950314_20200912_02_T1) (3482),851728,3482
,,0,2024-02-14T11:32:41.323133047Z,2024-03-15T11:32:41.323133047Z,2024-03-14T23:22:13.725930602Z,2740.12,docker_used_memory_mb,NFCORE_RANGELAND:RANGELAND:PREPROCESSING:FORCE_PREPROCESS (LT05_L1TP_181035_19950314_20200912_02_T1) (3482),NFCORE_RANGELAND:RANGELAND:PREPROCESSING:FORCE_PREPROCESS (LT05_L1TP_181035_19950314_20200912_02_T1) (3482),851728,3482
,,0,2024-02-14T11:32:41.323133047Z,2024-03-15T11:32:41.323133047Z,2024-03-14T23:22:15.725446658Z,2740.05,docker_used_memory_mb,NFCORE_RANGELAND:RANGELAND:PREPROCESSING:FORCE_PREPROCESS (LT05_L1TP_181035_19950314_20200912_02_T1) (3482),NFCORE_RANGELAND:RANGELAND:PREPROCESSING:FORCE_PREPROCESS (LT05_L1TP_181035_19950314_20200912_02_T1) (3482),851728,3482
,,0,2024-02-14T11:32:41.323133047Z,2024-03-15T11:32:41.323133047Z,2024-03-14T23:22:17.726038009Z,2740.11,docker_used_memory_mb,NFCORE_RANGELAND:RANGELAND:PREPROCESSING:FORCE_PREPROCESS (LT05_L1TP_181035_19950314_20200912_02_T1) (3482),NFCORE_RANGELAND:RANGELAND:PREPROCESSING:FORCE_PREPROCESS (LT05_L1TP_181035_19950314_20200912_02_T1) (3482),851728,3482
,,0,2024-02-14T11:32:41.323133047Z,2024-03-15T11:32:41.323133047Z,2024-03-14T23:22:19.72539783Z,2740.11,docker_used_memory_mb,NFCORE_RANGELAND:RANGELAND:PREPROCESSING:FORCE_PREPROCESS (LT05_L1TP_181035_19950314_20200912_02_T1) (3482),NFCORE_RANGELAND:RANGELAND:PREPROCESSING:FORCE_PREPROCESS (LT05_L1TP_181035_19950314_20200912_02_T1) (3482),851728,3482
,,0,2024-02-14T11:32:41.323133047Z,2024-03-15T11:32:41.323133047Z,2024-03-14T23:22:21.725984611Z,2740.21,docker_used_memory_mb,NFCORE_RANGELAND:RANGELAND:PREPROCESSING:FORCE_PREPROCESS (LT05_L1TP_181035_19950314_20200912_02_T1) (3482),NFCORE_RANGELAND:RANGELAND:PREPROCESSING:FORCE_PREPROCESS (LT05_L1TP_181035_19950314_20200912_02_T1) (3482),851728,3482
,,0,2024-02-14T11:32:41.323133047Z,2024-03-15T11:32:41.323133047Z,2024-03-14T23:22:23.725520928Z,2740.21,docker_used_memory_mb,NFCORE_RANGELAND:RANGELAND:PREPROCESSING:FORCE_PREPROCESS (LT05_L1TP_181035_19950314_20200912_02_T1) (3482),NFCORE_RANGELAND:RANGELAND:PREPROCESSING:FORCE_PREPROCESS (LT05_L1TP_181035_19950314_20200912_02_T1) (3482),851728,3482
,,0,2024-02-14T11:32:41.323133047Z,2024-03-15T11:32:41.323133047Z,2024-03-14T23:22:25.724998053Z,2740.21,docker_used_memory_mb,NFCORE_RANGELAND:RANGELAND:PREPROCESSING:FORCE_PREPROCESS (LT05_L1TP_181035_19950314_20200912_02_T1) (3482),NFCORE_RANGELAND:RANGELAND:PREPROCESSING:FORCE_PREPROCESS (LT05_L1TP_181035_19950314_20200912_02_T1) (3482),851728,3482
,,0,2024-02-14T11:32:41.323133047Z,2024-03-15T11:32:41.323133047Z,2024-03-14T23:22:27.725476672Z,2740.23,docker_used_memory_mb,NFCORE_RANGELAND:RANGELAND:PREPROCESSING:FORCE_PREPROCESS (LT05_L1TP_181035_19950314_20200912_02_T1) (3482),NFCORE_RANGELAND:RANGELAND:PREPROCESSING:FORCE_PREPROCESS (LT05_L1TP_181035_19950314_20200912_02_T1) (3482),851728,3482
,,0,2024-02-14T11:32:41.323133047Z,2024-03-15T11:32:41.323133047Z,2024-03-14T23:22:29.726087994Z,2740.23,docker_used_memory_mb,NFCORE_RANGELAND:RANGELAND:PREPROCESSING:FORCE_PREPROCESS (LT05_L1TP_181035_19950314_20200912_02_T1) (3482),NFCORE_RANGELAND:RANGELAND:PREPROCESSING:FORCE_PREPROCESS (LT05_L1TP_181035_19950314_20200912_02_T1) (3482),851728,3482
,,0,2024-02-14T11:32:41.323133047Z,2024-03-15T11:32:41.323133047Z,2024-03-14T23:22:31.725431026Z,2740.43,docker_used_memory_mb,NFCORE_RANGELAND:RANGELAND:PREPROCESSING:FORCE_PREPROCESS (LT05_L1TP_181035_19950314_20200912_02_T1) (3482),NFCORE_RANGELAND:RANGELAND:PREPROCESSING:FORCE_PREPROCESS (LT05_L1TP_181035_19950314_20200912_02_T1) (3482),851728,3482
,,0,2024-02-14T11:32:41.323133047Z,2024-03-15T11:32:41.323133047Z,2024-03-14T23:22:33.726174533Z,2740.29,docker_used_memory_mb,NFCORE_RANGELAND:RANGELAND:PREPROCESSING:FORCE_PREPROCESS (LT05_L1TP_181035_19950314_20200912_02_T1) (3482),NFCORE_RANGELAND:RANGELAND:PREPROCESSING:FORCE_PREPROCESS (LT05_L1TP_181035_19950314_20200912_02_T1) (3482),851728,3482
,,0,2024-02-14T11:32:41.323133047Z,2024-03-15T11:32:41.323133047Z,2024-03-14T23:22:35.725488704Z,2740.27,docker_used_memory_mb,NFCORE_RANGELAND:RANGELAND:PREPROCESSING:FORCE_PREPROCESS (LT05_L1TP_181035_19950314_20200912_02_T1) (3482),NFCORE_RANGELAND:RANGELAND:PREPROCESSING:FORCE_PREPROCESS (LT05_L1TP_181035_19950314_20200912_02_T1) (3482),851728,3482
,,0,2024-02-14T11:32:41.323133047Z,2024-03-15T11:32:41.323133047Z,2024-03-14T23:22:37.725959443Z,2740.48,docker_used_memory_mb,NFCORE_RANGELAND:RANGELAND:PREPROCESSING:FORCE_PREPROCESS (LT05_L1TP_181035_19950314_20200912_02_T1) (3482),NFCORE_RANGELAND:RANGELAND:PREPROCESSING:FORCE_PREPROCESS (LT05_L1TP_181035_19950314_20200912_02_T1) (3482),851728,3482
,,0,2024-02-14T11:32:41.323133047Z,2024-03-15T11:32:41.323133047Z,2024-03-14T23:22:39.725802401Z,2740.46,docker_used_memory_mb,NFCORE_RANGELAND:RANGELAND:PREPROCESSING:FORCE_PREPROCESS (LT05_L1TP_181035_19950314_20200912_02_T1) (3482),NFCORE_RANGELAND:RANGELAND:PREPROCESSING:FORCE_PREPROCESS (LT05_L1TP_181035_19950314_20200912_02_T1) (3482),851728,3482
,,0,2024-02-14T11:32:41.323133047Z,2024-03-15T11:32:41.323133047Z,2024-03-14T23:22:41.726298341Z,2740.58,docker_used_memory_mb,NFCORE_RANGELAND:RANGELAND:PREPROCESSING:FORCE_PREPROCESS (LT05_L1TP_181035_19950314_20200912_02_T1) (3482),NFCORE_RANGELAND:RANGELAND:PREPROCESSING:FORCE_PREPROCESS (LT05_L1TP_181035_19950314_20200912_02_T1) (3482),851728,3482
,,0,2024-02-14T11:32:41.323133047Z,2024-03-15T11:32:41.323133047Z,2024-03-14T23:22:43.725548001Z,2740.58,docker_used_memory_mb,NFCORE_RANGELAND:RANGELAND:PREPROCESSING:FORCE_PREPROCESS (LT05_L1TP_181035_19950314_20200912_02_T1) (3482),NFCORE_RANGELAND:RANGELAND:PREPROCESSING:FORCE_PREPROCESS (LT05_L1TP_181035_19950314_20200912_02_T1) (3482),851728,3482
,,0,2024-02-14T11:32:41.323133047Z,2024-03-15T11:32:41.323133047Z,2024-03-14T23:22:45.726063112Z,2740.55,docker_used_memory_mb,NFCORE_RANGELAND:RANGELAND:PREPROCESSING:FORCE_PREPROCESS (LT05_L1TP_181035_19950314_20200912_02_T1) (3482),NFCORE_RANGELAND:RANGELAND:PREPROCESSING:FORCE_PREPROCESS (LT05_L1TP_181035_19950314_20200912_02_T1) (3482),851728,3482
,,0,2024-02-14T11:32:41.323133047Z,2024-03-15T11:32:41.323133047Z,2024-03-14T23:22:47.72557414Z,2740.78,docker_used_memory_mb,NFCORE_RANGELAND:RANGELAND:PREPROCESSING:FORCE_PREPROCESS (LT05_L1TP_181035_19950314_20200912_02_T1) (3482),NFCORE_RANGELAND:RANGELAND:PREPROCESSING:FORCE_PREPROCESS (LT05_L1TP_181035_19950314_20200912_02_T1) (3482),851728,3482
,,0,2024-02-14T11:32:41.323133047Z,2024-03-15T11:32:41.323133047Z,2024-03-14T23:22:49.725083928Z,2740.78,docker_used_memory_mb,NFCORE_RANGELAND:RANGELAND:PREPROCESSING:FORCE_PREPROCESS (LT05_L1TP_181035_19950314_20200912_02_T1) (3482),NFCORE_RANGELAND:RANGELAND:PREPROCESSING:FORCE_PREPROCESS (LT05_L1TP_181035_19950314_20200912_02_T1) (3482),851728,3482
,,0,2024-02-14T11:32:41.323133047Z,2024-03-15T11:32:41.323133047Z,2024-03-14T23:22:51.725718854Z,2741.13,docker_used_memory_mb,NFCORE_RANGELAND:RANGELAND:PREPROCESSING:FORCE_PREPROCESS (LT05_L1TP_181035_19950314_20200912_02_T1) (3482),NFCORE_RANGELAND:RANGELAND:PREPROCESSING:FORCE_PREPROCESS (LT05_L1TP_181035_19950314_20200912_02_T1) (3482),851728,3482
,,0,2024-02-14T11:32:41.323133047Z,2024-03-15T11:32:41.323133047Z,2024-03-14T23:22:53.725234342Z,2741.04,docker_used_memory_mb,NFCORE_RANGELAND:RANGELAND:PREPROCESSING:FORCE_PREPROCESS (LT05_L1TP_181035_19950314_20200912_02_T1) (3482),NFCORE_RANGELAND:RANGELAND:PREPROCESSING:FORCE_PREPROCESS (LT05_L1TP_181035_19950314_20200912_02_T1) (3482),851728,3482
,,0,2024-02-14T11:32:41.323133047Z,2024-03-15T11:32:41.323133047Z,2024-03-14T23:22:55.725838297Z,2741.01,docker_used_memory_mb,NFCORE_RANGELAND:RANGELAND:PREPROCESSING:FORCE_PREPROCESS (LT05_L1TP_181035_19950314_20200912_02_T1) (3482),NFCORE_RANGELAND:RANGELAND:PREPROCESSING:FORCE_PREPROCESS (LT05_L1TP_181035_19950314_20200912_02_T1) (3482),851728,3482
,,0,2024-02-14T11:32:41.323133047Z,2024-03-15T11:32:41.323133047Z,2024-03-14T23:22:57.72518232Z,2740.93,docker_used_memory_mb,NFCORE_RANGELAND:RANGELAND:PREPROCESSING:FORCE_PREPROCESS (LT05_L1TP_181035_19950314_20200912_02_T1) (3482),NFCORE_RANGELAND:RANGELAND:PREPROCESSING:FORCE_PREPROCESS (LT05_L1TP_181035_19950314_20200912_02_T1) (3482),851728,3482
,,0,2024-02-14T11:32:41.323133047Z,2024-03-15T11:32:41.323133047Z,2024-03-14T23:22:59.725831327Z,2740.93,docker_used_memory_mb,NFCORE_RANGELAND:RANGELAND:PREPROCESSING:FORCE_PREPROCESS (LT05_L1TP_181035_19950314_20200912_02_T1) (3482),NFCORE_RANGELAND:RANGELAND:PREPROCESSING:FORCE_PREPROCESS (LT05_L1TP_181035_19950314_20200912_02_T1) (3482),851728,3482
,,0,2024-02-14T11:32:41.323133047Z,2024-03-15T11:32:41.323133047Z,2024-03-14T23:23:01.725486601Z,2740.98,docker_used_memory_mb,NFCORE_RANGELAND:RANGELAND:PREPROCESSING:FORCE_PREPROCESS (LT05_L1TP_181035_19950314_20200912_02_T1) (3482),NFCORE_RANGELAND:RANGELAND:PREPROCESSING:FORCE_PREPROCESS (LT05_L1TP_181035_19950314_20200912_02_T1) (3482),851728,3482
,,0,2024-02-14T11:32:41.323133047Z,2024-03-15T11:32:41.323133047Z,2024-03-14T23:23:03.726072316Z,2740.98,docker_used_memory_mb,NFCORE_RANGELAND:RANGELAND:PREPROCESSING:FORCE_PREPROCESS (LT05_L1TP_181035_19950314_20200912_02_T1) (3482),NFCORE_RANGELAND:RANGELAND:PREPROCESSING:FORCE_PREPROCESS (LT05_L1TP_181035_19950314_20200912_02_T1) (3482),851728,3482
,,0,2024-02-14T11:32:41.323133047Z,2024-03-15T11:32:41.323133047Z,2024-03-14T23:23:05.725488052Z,2741.62,docker_used_memory_mb,NFCORE_RANGELAND:RANGELAND:PREPROCESSING:FORCE_PREPROCESS (LT05_L1TP_181035_19950314_20200912_02_T1) (3482),NFCORE_RANGELAND:RANGELAND:PREPROCESSING:FORCE_PREPROCESS (LT05_L1TP_181035_19950314_20200912_02_T1) (3482),851728,3482
,,0,2024-02-14T11:32:41.323133047Z,2024-03-15T11:32:41.323133047Z,2024-03-14T23:23:07.725968614Z,2741.08,docker_used_memory_mb,NFCORE_RANGELAND:RANGELAND:PREPROCESSING:FORCE_PREPROCESS (LT05_L1TP_181035_19950314_20200912_02_T1) (3482),NFCORE_RANGELAND:RANGELAND:PREPROCESSING:FORCE_PREPROCESS (LT05_L1TP_181035_19950314_20200912_02_T1) (3482),851728,3482
,,0,2024-02-14T11:32:41.323133047Z,2024-03-15T11:32:41.323133047Z,2024-03-14T23:23:09.725412711Z,2741.08,docker_used_memory_mb,NFCORE_RANGELAND:RANGELAND:PREPROCESSING:FORCE_PREPROCESS (LT05_L1TP_181035_19950314_20200912_02_T1) (3482),NFCORE_RANGELAND:RANGELAND:PREPROCESSING:FORCE_PREPROCESS (LT05_L1TP_181035_19950314_20200912_02_T1) (3482),851728,3482
,,0,2024-02-14T11:32:41.323133047Z,2024-03-15T11:32:41.323133047Z,2024-03-14T23:23:11.726198074Z,2741,docker_used_memory_mb,NFCORE_RANGELAND:RANGELAND:PREPROCESSING:FORCE_PREPROCESS (LT05_L1TP_181035_19950314_20200912_02_T1) (3482),NFCORE_RANGELAND:RANGELAND:PREPROCESSING:FORCE_PREPROCESS (LT05_L1TP_181035_19950314_20200912_02_T1) (3482),851728,3482
,,0,2024-02-14T11:32:41.323133047Z,2024-03-15T11:32:41.323133047Z,2024-03-14T23:23:13.725508758Z,2741,docker_used_memory_mb,NFCORE_RANGELAND:RANGELAND:PREPROCESSING:FORCE_PREPROCESS (LT05_L1TP_181035_19950314_20200912_02_T1) (3482),NFCORE_RANGELAND:RANGELAND:PREPROCESSING:FORCE_PREPROCESS (LT05_L1TP_181035_19950314_20200912_02_T1) (3482),851728,3482
,,0,2024-02-14T11:32:41.323133047Z,2024-03-15T11:32:41.323133047Z,2024-03-14T23:23:15.726049541Z,2741.23,docker_used_memory_mb,NFCORE_RANGELAND:RANGELAND:PREPROCESSING:FORCE_PREPROCESS (LT05_L1TP_181035_19950314_20200912_02_T1) (3482),NFCORE_RANGELAND:RANGELAND:PREPROCESSING:FORCE_PREPROCESS (LT05_L1TP_181035_19950314_20200912_02_T1) (3482),851728,3482
,,0,2024-02-14T11:32:41.323133047Z,2024-03-15T11:32:41.323133047Z,2024-03-14T23:23:17.725406497Z,2741.11,docker_used_memory_mb,NFCORE_RANGELAND:RANGELAND:PREPROCESSING:FORCE_PREPROCESS (LT05_L1TP_181035_19950314_20200912_02_T1) (3482),NFCORE_RANGELAND:RANGELAND:PREPROCESSING:FORCE_PREPROCESS (LT05_L1TP_181035_19950314_20200912_02_T1) (3482),851728,3482
,,0,2024-02-14T11:32:41.323133047Z,2024-03-15T11:32:41.323133047Z,2024-03-14T23:23:20.725085292Z,2741.11,docker_used_memory_mb,NFCORE_RANGELAND:RANGELAND:PREPROCESSING:FORCE_PREPROCESS (LT05_L1TP_181035_19950314_20200912_02_T1) (3482),NFCORE_RANGELAND:RANGELAND:PREPROCESSING:FORCE_PREPROCESS (LT05_L1TP_181035_19950314_20200912_02_T1) (3482),851728,3482
,,0,2024-02-14T11:32:41.323133047Z,2024-03-15T11:32:41.323133047Z,2024-03-14T23:23:22.725639767Z,2741.18,docker_used_memory_mb,NFCORE_RANGELAND:RANGELAND:PREPROCESSING:FORCE_PREPROCESS (LT05_L1TP_181035_19950314_20200912_02_T1) (3482),NFCORE_RANGELAND:RANGELAND:PREPROCESSING:FORCE_PREPROCESS (LT05_L1TP_181035_19950314_20200912_02_T1) (3482),851728,3482
,,0,2024-02-14T11:32:41.323133047Z,2024-03-15T11:32:41.323133047Z,2024-03-14T23:23:24.725111116Z,2741.18,docker_used_memory_mb,NFCORE_RANGELAND:RANGELAND:PREPROCESSING:FORCE_PREPROCESS (LT05_L1TP_181035_19950314_20200912_02_T1) (3482),NFCORE_RANGELAND:RANGELAND:PREPROCESSING:FORCE_PREPROCESS (LT05_L1TP_181035_19950314_20200912_02_T1) (3482),851728,3482
,,0,2024-02-14T11:32:41.323133047Z,2024-03-15T11:32:41.323133047Z,2024-03-14T23:23:26.725643422Z,2770.07,docker_used_memory_mb,NFCORE_RANGELAND:RANGELAND:PREPROCESSING:FORCE_PREPROCESS (LT05_L1TP_181035_19950314_20200912_02_T1) (3482),NFCORE_RANGELAND:RANGELAND:PREPROCESSING:FORCE_PREPROCESS (LT05_L1TP_181035_19950314_20200912_02_T1) (3482),851728,3482
,,0,2024-02-14T11:32:41.323133047Z,2024-03-15T11:32:41.323133047Z,2024-03-14T23:23:28.725081Z,2769.85,docker_used_memory_mb,NFCORE_RANGELAND:RANGELAND:PREPROCESSING:FORCE_PREPROCESS (LT05_L1TP_181035_19950314_20200912_02_T1) (3482),NFCORE_RANGELAND:RANGELAND:PREPROCESSING:FORCE_PREPROCESS (LT05_L1TP_181035_19950314_20200912_02_T1) (3482),851728,3482
,,0,2024-02-14T11:32:41.323133047Z,2024-03-15T11:32:41.323133047Z,2024-03-14T23:23:30.725632926Z,2769.85,docker_used_memory_mb,NFCORE_RANGELAND:RANGELAND:PREPROCESSING:FORCE_PREPROCESS (LT05_L1TP_181035_19950314_20200912_02_T1) (3482),NFCORE_RANGELAND:RANGELAND:PREPROCESSING:FORCE_PREPROCESS (LT05_L1TP_181035_19950314_20200912_02_T1) (3482),851728,3482
,,0,2024-02-14T11:32:41.323133047Z,2024-03-15T11:32:41.323133047Z,2024-03-14T23:23:32.725236961Z,2769.5,docker_used_memory_mb,NFCORE_RANGELAND:RANGELAND:PREPROCESSING:FORCE_PREPROCESS (LT05_L1TP_181035_19950314_20200912_02_T1) (3482),NFCORE_RANGELAND:RANGELAND:PREPROCESSING:FORCE_PREPROCESS (LT05_L1TP_181035_19950314_20200912_02_T1) (3482),851728,3482
,,0,2024-02-14T11:32:41.323133047Z,2024-03-15T11:32:41.323133047Z,2024-03-14T23:23:34.725955563Z,2769.5,docker_used_memory_mb,NFCORE_RANGELAND:RANGELAND:PREPROCESSING:FORCE_PREPROCESS (LT05_L1TP_181035_19950314_20200912_02_T1) (3482),NFCORE_RANGELAND:RANGELAND:PREPROCESSING:FORCE_PREPROCESS (LT05_L1TP_181035_19950314_20200912_02_T1) (3482),851728,3482
,,0,2024-02-14T11:32:41.323133047Z,2024-03-15T11:32:41.323133047Z,2024-03-14T23:23:36.725311169Z,2770.39,docker_used_memory_mb,NFCORE_RANGELAND:RANGELAND:PREPROCESSING:FORCE_PREPROCESS (LT05_L1TP_181035_19950314_20200912_02_T1) (3482),NFCORE_RANGELAND:RANGELAND:PREPROCESSING:FORCE_PREPROCESS (LT05_L1TP_181035_19950314_20200912_02_T1) (3482),851728,3482
,,0,2024-02-14T11:32:41.323133047Z,2024-03-15T11:32:41.323133047Z,2024-03-14T23:23:38.725768312Z,2102.13,docker_used_memory_mb,NFCORE_RANGELAND:RANGELAND:PREPROCESSING:FORCE_PREPROCESS (LT05_L1TP_181035_19950314_20200912_02_T1) (3482),NFCORE_RANGELAND:RANGELAND:PREPROCESSING:FORCE_PREPROCESS (LT05_L1TP_181035_19950314_20200912_02_T1) (3482),851728,3482
,,0,2024-02-14T11:32:41.323133047Z,2024-03-15T11:32:41.323133047Z,2024-03-14T23:23:40.7251307Z,2110.67,docker_used_memory_mb,NFCORE_RANGELAND:RANGELAND:PREPROCESSING:FORCE_PREPROCESS (LT05_L1TP_181035_19950314_20200912_02_T1) (3482),NFCORE_RANGELAND:RANGELAND:PREPROCESSING:FORCE_PREPROCESS (LT05_L1TP_181035_19950314_20200912_02_T1) (3482),851728,3482
,,0,2024-02-14T11:32:41.323133047Z,2024-03-15T11:32:41.323133047Z,2024-03-14T23:23:42.725864392Z,2120.5,docker_used_memory_mb,NFCORE_RANGELAND:RANGELAND:PREPROCESSING:FORCE_PREPROCESS (LT05_L1TP_181035_19950314_20200912_02_T1) (3482),NFCORE_RANGELAND:RANGELAND:PREPROCESSING:FORCE_PREPROCESS (LT05_L1TP_181035_19950314_20200912_02_T1) (3482),851728,3482
,,0,2024-02-14T11:32:41.323133047Z,2024-03-15T11:32:41.323133047Z,2024-03-14T23:23:44.725417766Z,2129.25,docker_used_memory_mb,NFCORE_RANGELAND:RANGELAND:PREPROCESSING:FORCE_PREPROCESS (LT05_L1TP_181035_19950314_20200912_02_T1) (3482),NFCORE_RANGELAND:RANGELAND:PREPROCESSING:FORCE_PREPROCESS (LT05_L1TP_181035_19950314_20200912_02_T1) (3482),851728,3482
,,0,2024-02-14T11:32:41.323133047Z,2024-03-15T11:32:41.323133047Z,2024-03-14T23:23:46.726109978Z,2139.24,docker_used_memory_mb,NFCORE_RANGELAND:RANGELAND:PREPROCESSING:FORCE_PREPROCESS (LT05_L1TP_181035_19950314_20200912_02_T1) (3482),NFCORE_RANGELAND:RANGELAND:PREPROCESSING:FORCE_PREPROCESS (LT05_L1TP_181035_19950314_20200912_02_T1) (3482),851728,3482
,,0,2024-02-14T11:32:41.323133047Z,2024-03-15T11:32:41.323133047Z,2024-03-14T23:23:48.725439425Z,2143.53,docker_used_memory_mb,NFCORE_RANGELAND:RANGELAND:PREPROCESSING:FORCE_PREPROCESS (LT05_L1TP_181035_19950314_20200912_02_T1) (3482),NFCORE_RANGELAND:RANGELAND:PREPROCESSING:FORCE_PREPROCESS (LT05_L1TP_181035_19950314_20200912_02_T1) (3482),851728,3482
,,0,2024-02-14T11:32:41.323133047Z,2024-03-15T11:32:41.323133047Z,2024-03-14T23:23:50.726195089Z,1989.09,docker_used_memory_mb,NFCORE_RANGELAND:RANGELAND:PREPROCESSING:FORCE_PREPROCESS (LT05_L1TP_181035_19950314_20200912_02_T1) (3482),NFCORE_RANGELAND:RANGELAND:PREPROCESSING:FORCE_PREPROCESS (LT05_L1TP_181035_19950314_20200912_02_T1) (3482),851728,3482
,,0,2024-02-14T11:32:41.323133047Z,2024-03-15T11:32:41.323133047Z,2024-03-14T23:23:52.725555407Z,2168.75,docker_used_memory_mb,NFCORE_RANGELAND:RANGELAND:PREPROCESSING:FORCE_PREPROCESS (LT05_L1TP_181035_19950314_20200912_02_T1) (3482),NFCORE_RANGELAND:RANGELAND:PREPROCESSING:FORCE_PREPROCESS (LT05_L1TP_181035_19950314_20200912_02_T1) (3482),851728,3482
,,0,2024-02-14T11:32:41.323133047Z,2024-03-15T11:32:41.323133047Z,2024-03-14T23:23:54.726017481Z,2098.3,docker_used_memory_mb,NFCORE_RANGELAND:RANGELAND:PREPROCESSING:FORCE_PREPROCESS (LT05_L1TP_181035_19950314_20200912_02_T1) (3482),NFCORE_RANGELAND:RANGELAND:PREPROCESSING:FORCE_PREPROCESS (LT05_L1TP_181035_19950314_20200912_02_T1) (3482),851728,3482
,,0,2024-02-14T11:32:41.323133047Z,2024-03-15T11:32:41.323133047Z,2024-03-14T23:23:56.725480053Z,2262.42,docker_used_memory_mb,NFCORE_RANGELAND:RANGELAND:PREPROCESSING:FORCE_PREPROCESS (LT05_L1TP_181035_19950314_20200912_02_T1) (3482),NFCORE_RANGELAND:RANGELAND:PREPROCESSING:FORCE_PREPROCESS (LT05_L1TP_181035_19950314_20200912_02_T1) (3482),851728,3482
,,0,2024-02-14T11:32:41.323133047Z,2024-03-15T11:32:41.323133047Z,2024-03-14T23:23:58.725994989Z,2326.44,docker_used_memory_mb,NFCORE_RANGELAND:RANGELAND:PREPROCESSING:FORCE_PREPROCESS (LT05_L1TP_181035_19950314_20200912_02_T1) (3482),NFCORE_RANGELAND:RANGELAND:PREPROCESSING:FORCE_PREPROCESS (LT05_L1TP_181035_19950314_20200912_02_T1) (3482),851728,3482
,,0,2024-02-14T11:32:41.323133047Z,2024-03-15T11:32:41.323133047Z,2024-03-14T23:24:00.725770062Z,2239.89,docker_used_memory_mb,NFCORE_RANGELAND:RANGELAND:PREPROCESSING:FORCE_PREPROCESS (LT05_L1TP_181035_19950314_20200912_02_T1) (3482),NFCORE_RANGELAND:RANGELAND:PREPROCESSING:FORCE_PREPROCESS (LT05_L1TP_181035_19950314_20200912_02_T1) (3482),851728,3482
,,0,2024-02-14T11:32:41.323133047Z,2024-03-15T11:32:41.323133047Z,2024-03-14T23:24:02.726267878Z,2741.05,docker_used_memory_mb,NFCORE_RANGELAND:RANGELAND:PREPROCESSING:FORCE_PREPROCESS (LT05_L1TP_181035_19950314_20200912_02_T1) (3482),NFCORE_RANGELAND:RANGELAND:PREPROCESSING:FORCE_PREPROCESS (LT05_L1TP_181035_19950314_20200912_02_T1) (3482),851728,3482
,,0,2024-02-14T11:32:41.323133047Z,2024-03-15T11:32:41.323133047Z,2024-03-14T23:24:04.725668509Z,2121.06,docker_used_memory_mb,NFCORE_RANGELAND:RANGELAND:PREPROCESSING:FORCE_PREPROCESS (LT05_L1TP_181035_19950314_20200912_02_T1) (3482),NFCORE_RANGELAND:RANGELAND:PREPROCESSING:FORCE_PREPROCESS (LT05_L1TP_181035_19950314_20200912_02_T1) (3482),851728,3482
,,0,2024-02-14T11:32:41.323133047Z,2024-03-15T11:32:41.323133047Z,2024-03-14T23:24:06.725275926Z,2689.89,docker_used_memory_mb,NFCORE_RANGELAND:RANGELAND:PREPROCESSING:FORCE_PREPROCESS (LT05_L1TP_181035_19950314_20200912_02_T1) (3482),NFCORE_RANGELAND:RANGELAND:PREPROCESSING:FORCE_PREPROCESS (LT05_L1TP_181035_19950314_20200912_02_T1) (3482),851728,3482
,,0,2024-02-14T11:32:41.323133047Z,2024-03-15T11:32:41.323133047Z,2024-03-14T23:24:08.725852975Z,2178.64,docker_used_memory_mb,NFCORE_RANGELAND:RANGELAND:PREPROCESSING:FORCE_PREPROCESS (LT05_L1TP_181035_19950314_20200912_02_T1) (3482),NFCORE_RANGELAND:RANGELAND:PREPROCESSING:FORCE_PREPROCESS (LT05_L1TP_181035_19950314_20200912_02_T1) (3482),851728,3482
,,0,2024-02-14T11:32:41.323133047Z,2024-03-15T11:32:41.323133047Z,2024-03-14T23:24:10.725346519Z,2689.34,docker_used_memory_mb,NFCORE_RANGELAND:RANGELAND:PREPROCESSING:FORCE_PREPROCESS (LT05_L1TP_181035_19950314_20200912_02_T1) (3482),NFCORE_RANGELAND:RANGELAND:PREPROCESSING:FORCE_PREPROCESS (LT05_L1TP_181035_19950314_20200912_02_T1) (3482),851728,3482
,,0,2024-02-14T11:32:41.323133047Z,2024-03-15T11:32:41.323133047Z,2024-03-14T23:24:12.725903958Z,2178.76,docker_used_memory_mb,NFCORE_RANGELAND:RANGELAND:PREPROCESSING:FORCE_PREPROCESS (LT05_L1TP_181035_19950314_20200912_02_T1) (3482),NFCORE_RANGELAND:RANGELAND:PREPROCESSING:FORCE_PREPROCESS (LT05_L1TP_181035_19950314_20200912_02_T1) (3482),851728,3482
,,0,2024-02-14T11:32:41.323133047Z,2024-03-15T11:32:41.323133047Z,2024-03-14T23:24:14.725401702Z,2347.6,docker_used_memory_mb,NFCORE_RANGELAND:RANGELAND:PREPROCESSING:FORCE_PREPROCESS (LT05_L1TP_181035_19950314_20200912_02_T1) (3482),NFCORE_RANGELAND:RANGELAND:PREPROCESSING:FORCE_PREPROCESS (LT05_L1TP_181035_19950314_20200912_02_T1) (3482),851728,3482
,,0,2024-02-14T11:32:41.323133047Z,2024-03-15T11:32:41.323133047Z,2024-03-14T23:24:16.726029344Z,2179.36,docker_used_memory_mb,NFCORE_RANGELAND:RANGELAND:PREPROCESSING:FORCE_PREPROCESS (LT05_L1TP_181035_19950314_20200912_02_T1) (3482),NFCORE_RANGELAND:RANGELAND:PREPROCESSING:FORCE_PREPROCESS (LT05_L1TP_181035_19950314_20200912_02_T1) (3482),851728,3482
,,0,2024-02-14T11:32:41.323133047Z,2024-03-15T11:32:41.323133047Z,2024-03-14T23:24:18.725558289Z,2179.04,docker_used_memory_mb,NFCORE_RANGELAND:RANGELAND:PREPROCESSING:FORCE_PREPROCESS (LT05_L1TP_181035_19950314_20200912_02_T1) (3482),NFCORE_RANGELAND:RANGELAND:PREPROCESSING:FORCE_PREPROCESS (LT05_L1TP_181035_19950314_20200912_02_T1) (3482),851728,3482
,,0,2024-02-14T11:32:41.323133047Z,2024-03-15T11:32:41.323133047Z,2024-03-14T23:24:20.725136806Z,2689.5,docker_used_memory_mb,NFCORE_RANGELAND:RANGELAND:PREPROCESSING:FORCE_PREPROCESS (LT05_L1TP_181035_19950314_20200912_02_T1) (3482),NFCORE_RANGELAND:RANGELAND:PREPROCESSING:FORCE_PREPROCESS (LT05_L1TP_181035_19950314_20200912_02_T1) (3482),851728,3482
,,0,2024-02-14T11:32:41.323133047Z,2024-03-15T11:32:41.323133047Z,2024-03-14T23:24:22.725643375Z,2178.95,docker_used_memory_mb,NFCORE_RANGELAND:RANGELAND:PREPROCESSING:FORCE_PREPROCESS (LT05_L1TP_181035_19950314_20200912_02_T1) (3482),NFCORE_RANGELAND:RANGELAND:PREPROCESSING:FORCE_PREPROCESS (LT05_L1TP_181035_19950314_20200912_02_T1) (3482),851728,3482
,,0,2024-02-14T11:32:41.323133047Z,2024-03-15T11:32:41.323133047Z,2024-03-14T23:24:24.725060727Z,2689.45,docker_used_memory_mb,NFCORE_RANGELAND:RANGELAND:PREPROCESSING:FORCE_PREPROCESS (LT05_L1TP_181035_19950314_20200912_02_T1) (3482),NFCORE_RANGELAND:RANGELAND:PREPROCESSING:FORCE_PREPROCESS (LT05_L1TP_181035_19950314_20200912_02_T1) (3482),851728,3482
,,0,2024-02-14T11:32:41.323133047Z,2024-03-15T11:32:41.323133047Z,2024-03-14T23:24:26.725620256Z,2179,docker_used_memory_mb,NFCORE_RANGELAND:RANGELAND:PREPROCESSING:FORCE_PREPROCESS (LT05_L1TP_181035_19950314_20200912_02_T1) (3482),NFCORE_RANGELAND:RANGELAND:PREPROCESSING:FORCE_PREPROCESS (LT05_L1TP_181035_19950314_20200912_02_T1) (3482),851728,3482
,,0,2024-02-14T11:32:41.323133047Z,2024-03-15T11:32:41.323133047Z,2024-03-14T23:24:28.725087781Z,4259.27,docker_used_memory_mb,NFCORE_RANGELAND:RANGELAND:PREPROCESSING:FORCE_PREPROCESS (LT05_L1TP_181035_19950314_20200912_02_T1) (3482),NFCORE_RANGELAND:RANGELAND:PREPROCESSING:FORCE_PREPROCESS (LT05_L1TP_181035_19950314_20200912_02_T1) (3482),851728,3482
,,0,2024-02-14T11:32:41.323133047Z,2024-03-15T11:32:41.323133047Z,2024-03-14T23:24:30.725704943Z,4259.93,docker_used_memory_mb,NFCORE_RANGELAND:RANGELAND:PREPROCESSING:FORCE_PREPROCESS (LT05_L1TP_181035_19950314_20200912_02_T1) (3482),NFCORE_RANGELAND:RANGELAND:PREPROCESSING:FORCE_PREPROCESS (LT05_L1TP_181035_19950314_20200912_02_T1) (3482),851728,3482
,,0,2024-02-14T11:32:41.323133047Z,2024-03-15T11:32:41.323133047Z,2024-03-14T23:24:32.725173477Z,4260.22,docker_used_memory_mb,NFCORE_RANGELAND:RANGELAND:PREPROCESSING:FORCE_PREPROCESS (LT05_L1TP_181035_19950314_20200912_02_T1) (3482),NFCORE_RANGELAND:RANGELAND:PREPROCESSING:FORCE_PREPROCESS (LT05_L1TP_181035_19950314_20200912_02_T1) (3482),851728,3482
,,0,2024-02-14T11:32:41.323133047Z,2024-03-15T11:32:41.323133047Z,2024-03-14T23:24:34.725758628Z,4260.03,docker_used_memory_mb,NFCORE_RANGELAND:RANGELAND:PREPROCESSING:FORCE_PREPROCESS (LT05_L1TP_181035_19950314_20200912_02_T1) (3482),NFCORE_RANGELAND:RANGELAND:PREPROCESSING:FORCE_PREPROCESS (LT05_L1TP_181035_19950314_20200912_02_T1) (3482),851728,3482
,,0,2024-02-14T11:32:41.323133047Z,2024-03-15T11:32:41.323133047Z,2024-03-14T23:24:36.725236424Z,4260.52,docker_used_memory_mb,NFCORE_RANGELAND:RANGELAND:PREPROCESSING:FORCE_PREPROCESS (LT05_L1TP_181035_19950314_20200912_02_T1) (3482),NFCORE_RANGELAND:RANGELAND:PREPROCESSING:FORCE_PREPROCESS (LT05_L1TP_181035_19950314_20200912_02_T1) (3482),851728,3482
,,0,2024-02-14T11:32:41.323133047Z,2024-03-15T11:32:41.323133047Z,2024-03-14T23:24:38.725828156Z,4260.08,docker_used_memory_mb,NFCORE_RANGELAND:RANGELAND:PREPROCESSING:FORCE_PREPROCESS (LT05_L1TP_181035_19950314_20200912_02_T1) (3482),NFCORE_RANGELAND:RANGELAND:PREPROCESSING:FORCE_PREPROCESS (LT05_L1TP_181035_19950314_20200912_02_T1) (3482),851728,3482
,,0,2024-02-14T11:32:41.323133047Z,2024-03-15T11:32:41.323133047Z,2024-03-14T23:24:40.72529348Z,4260.08,docker_used_memory_mb,NFCORE_RANGELAND:RANGELAND:PREPROCESSING:FORCE_PREPROCESS (LT05_L1TP_181035_19950314_20200912_02_T1) (3482),NFCORE_RANGELAND:RANGELAND:PREPROCESSING:FORCE_PREPROCESS (LT05_L1TP_181035_19950314_20200912_02_T1) (3482),851728,3482
,,0,2024-02-14T11:32:41.323133047Z,2024-03-15T11:32:41.323133047Z,2024-03-14T23:24:42.725836251Z,4260.31,docker_used_memory_mb,NFCORE_RANGELAND:RANGELAND:PREPROCESSING:FORCE_PREPROCESS (LT05_L1TP_181035_19950314_20200912_02_T1) (3482),NFCORE_RANGELAND:RANGELAND:PREPROCESSING:FORCE_PREPROCESS (LT05_L1TP_181035_19950314_20200912_02_T1) (3482),851728,3482
,,0,2024-02-14T11:32:41.323133047Z,2024-03-15T11:32:41.323133047Z,2024-03-14T23:24:44.725260644Z,4260.21,docker_used_memory_mb,NFCORE_RANGELAND:RANGELAND:PREPROCESSING:FORCE_PREPROCESS (LT05_L1TP_181035_19950314_20200912_02_T1) (3482),NFCORE_RANGELAND:RANGELAND:PREPROCESSING:FORCE_PREPROCESS (LT05_L1TP_181035_19950314_20200912_02_T1) (3482),851728,3482
,,0,2024-02-14T11:32:41.323133047Z,2024-03-15T11:32:41.323133047Z,2024-03-14T23:24:47.725934601Z,4260.99,docker_used_memory_mb,NFCORE_RANGELAND:RANGELAND:PREPROCESSING:FORCE_PREPROCESS (LT05_L1TP_181035_19950314_20200912_02_T1) (3482),NFCORE_RANGELAND:RANGELAND:PREPROCESSING:FORCE_PREPROCESS (LT05_L1TP_181035_19950314_20200912_02_T1) (3482),851728,3482
,,0,2024-02-14T11:32:41.323133047Z,2024-03-15T11:32:41.323133047Z,2024-03-14T23:24:49.725465389Z,4260.59,docker_used_memory_mb,NFCORE_RANGELAND:RANGELAND:PREPROCESSING:FORCE_PREPROCESS (LT05_L1TP_181035_19950314_20200912_02_T1) (3482),NFCORE_RANGELAND:RANGELAND:PREPROCESSING:FORCE_PREPROCESS (LT05_L1TP_181035_19950314_20200912_02_T1) (3482),851728,3482
,,0,2024-02-14T11:32:41.323133047Z,2024-03-15T11:32:41.323133047Z,2024-03-14T23:24:51.725848575Z,4260.38,docker_used_memory_mb,NFCORE_RANGELAND:RANGELAND:PREPROCESSING:FORCE_PREPROCESS (LT05_L1TP_181035_19950314_20200912_02_T1) (3482),NFCORE_RANGELAND:RANGELAND:PREPROCESSING:FORCE_PREPROCESS (LT05_L1TP_181035_19950314_20200912_02_T1) (3482),851728,3482
,,0,2024-02-14T11:32:41.323133047Z,2024-03-15T11:32:41.323133047Z,2024-03-14T23:24:53.725354171Z,4260.48,docker_used_memory_mb,NFCORE_RANGELAND:RANGELAND:PREPROCESSING:FORCE_PREPROCESS (LT05_L1TP_181035_19950314_20200912_02_T1) (3482),NFCORE_RANGELAND:RANGELAND:PREPROCESSING:FORCE_PREPROCESS (LT05_L1TP_181035_19950314_20200912_02_T1) (3482),851728,3482
,,0,2024-02-14T11:32:41.323133047Z,2024-03-15T11:32:41.323133047Z,2024-03-14T23:24:55.725895852Z,4260.48,docker_used_memory_mb,NFCORE_RANGELAND:RANGELAND:PREPROCESSING:FORCE_PREPROCESS (LT05_L1TP_181035_19950314_20200912_02_T1) (3482),NFCORE_RANGELAND:RANGELAND:PREPROCESSING:FORCE_PREPROCESS (LT05_L1TP_181035_19950314_20200912_02_T1) (3482),851728,3482
,,0,2024-02-14T11:32:41.323133047Z,2024-03-15T11:32:41.323133047Z,2024-03-14T23:24:57.725306638Z,4260.59,docker_used_memory_mb,NFCORE_RANGELAND:RANGELAND:PREPROCESSING:FORCE_PREPROCESS (LT05_L1TP_181035_19950314_20200912_02_T1) (3482),NFCORE_RANGELAND:RANGELAND:PREPROCESSING:FORCE_PREPROCESS (LT05_L1TP_181035_19950314_20200912_02_T1) (3482),851728,3482
,,0,2024-02-14T11:32:41.323133047Z,2024-03-15T11:32:41.323133047Z,2024-03-14T23:24:59.725940902Z,4260.5,docker_used_memory_mb,NFCORE_RANGELAND:RANGELAND:PREPROCESSING:FORCE_PREPROCESS (LT05_L1TP_181035_19950314_20200912_02_T1) (3482),NFCORE_RANGELAND:RANGELAND:PREPROCESSING:FORCE_PREPROCESS (LT05_L1TP_181035_19950314_20200912_02_T1) (3482),851728,3482
,,0,2024-02-14T11:32:41.323133047Z,2024-03-15T11:32:41.323133047Z,2024-03-14T23:25:01.725219842Z,4260.46,docker_used_memory_mb,NFCORE_RANGELAND:RANGELAND:PREPROCESSING:FORCE_PREPROCESS (LT05_L1TP_181035_19950314_20200912_02_T1) (3482),NFCORE_RANGELAND:RANGELAND:PREPROCESSING:FORCE_PREPROCESS (LT05_L1TP_181035_19950314_20200912_02_T1) (3482),851728,3482
,,0,2024-02-14T11:32:41.323133047Z,2024-03-15T11:32:41.323133047Z,2024-03-14T23:25:03.725807146Z,4260.67,docker_used_memory_mb,NFCORE_RANGELAND:RANGELAND:PREPROCESSING:FORCE_PREPROCESS (LT05_L1TP_181035_19950314_20200912_02_T1) (3482),NFCORE_RANGELAND:RANGELAND:PREPROCESSING:FORCE_PREPROCESS (LT05_L1TP_181035_19950314_20200912_02_T1) (3482),851728,3482
,,0,2024-02-14T11:32:41.323133047Z,2024-03-15T11:32:41.323133047Z,2024-03-14T23:25:05.725300543Z,4260.6,docker_used_memory_mb,NFCORE_RANGELAND:RANGELAND:PREPROCESSING:FORCE_PREPROCESS (LT05_L1TP_181035_19950314_20200912_02_T1) (3482),NFCORE_RANGELAND:RANGELAND:PREPROCESSING:FORCE_PREPROCESS (LT05_L1TP_181035_19950314_20200912_02_T1) (3482),851728,3482
,,0,2024-02-14T11:32:41.323133047Z,2024-03-15T11:32:41.323133047Z,2024-03-14T23:25:07.725768912Z,4260.98,docker_used_memory_mb,NFCORE_RANGELAND:RANGELAND:PREPROCESSING:FORCE_PREPROCESS (LT05_L1TP_181035_19950314_20200912_02_T1) (3482),NFCORE_RANGELAND:RANGELAND:PREPROCESSING:FORCE_PREPROCESS (LT05_L1TP_181035_19950314_20200912_02_T1) (3482),851728,3482
,,0,2024-02-14T11:32:41.323133047Z,2024-03-15T11:32:41.323133047Z,2024-03-14T23:25:09.725486727Z,4260.76,docker_used_memory_mb,NFCORE_RANGELAND:RANGELAND:PREPROCESSING:FORCE_PREPROCESS (LT05_L1TP_181035_19950314_20200912_02_T1) (3482),NFCORE_RANGELAND:RANGELAND:PREPROCESSING:FORCE_PREPROCESS (LT05_L1TP_181035_19950314_20200912_02_T1) (3482),851728,3482
,,0,2024-02-14T11:32:41.323133047Z,2024-03-15T11:32:41.323133047Z,2024-03-14T23:25:11.72574634Z,4260.76,docker_used_memory_mb,NFCORE_RANGELAND:RANGELAND:PREPROCESSING:FORCE_PREPROCESS (LT05_L1TP_181035_19950314_20200912_02_T1) (3482),NFCORE_RANGELAND:RANGELAND:PREPROCESSING:FORCE_PREPROCESS (LT05_L1TP_181035_19950314_20200912_02_T1) (3482),851728,3482
,,0,2024-02-14T11:32:41.323133047Z,2024-03-15T11:32:41.323133047Z,2024-03-14T23:25:13.725217848Z,4260.6,docker_used_memory_mb,NFCORE_RANGELAND:RANGELAND:PREPROCESSING:FORCE_PREPROCESS (LT05_L1TP_181035_19950314_20200912_02_T1) (3482),NFCORE_RANGELAND:RANGELAND:PREPROCESSING:FORCE_PREPROCESS (LT05_L1TP_181035_19950314_20200912_02_T1) (3482),851728,3482
,,0,2024-02-14T11:32:41.323133047Z,2024-03-15T11:32:41.323133047Z,2024-03-14T23:25:15.725820062Z,4260.6,docker_used_memory_mb,NFCORE_RANGELAND:RANGELAND:PREPROCESSING:FORCE_PREPROCESS (LT05_L1TP_181035_19950314_20200912_02_T1) (3482),NFCORE_RANGELAND:RANGELAND:PREPROCESSING:FORCE_PREPROCESS (LT05_L1TP_181035_19950314_20200912_02_T1) (3482),851728,3482
,,0,2024-02-14T11:32:41.323133047Z,2024-03-15T11:32:41.323133047Z,2024-03-14T23:25:17.725719024Z,2679.76,docker_used_memory_mb,NFCORE_RANGELAND:RANGELAND:PREPROCESSING:FORCE_PREPROCESS (LT05_L1TP_181035_19950314_20200912_02_T1) (3482),NFCORE_RANGELAND:RANGELAND:PREPROCESSING:FORCE_PREPROCESS (LT05_L1TP_181035_19950314_20200912_02_T1) (3482),851728,3482
,,0,2024-02-14T11:32:41.323133047Z,2024-03-15T11:32:41.323133047Z,2024-03-14T23:25:19.72576864Z,2679.45,docker_used_memory_mb,NFCORE_RANGELAND:RANGELAND:PREPROCESSING:FORCE_PREPROCESS (LT05_L1TP_181035_19950314_20200912_02_T1) (3482),NFCORE_RANGELAND:RANGELAND:PREPROCESSING:FORCE_PREPROCESS (LT05_L1TP_181035_19950314_20200912_02_T1) (3482),851728,3482
,,0,2024-02-14T11:32:41.323133047Z,2024-03-15T11:32:41.323133047Z,2024-03-14T23:25:21.725160055Z,2679.45,docker_used_memory_mb,NFCORE_RANGELAND:RANGELAND:PREPROCESSING:FORCE_PREPROCESS (LT05_L1TP_181035_19950314_20200912_02_T1) (3482),NFCORE_RANGELAND:RANGELAND:PREPROCESSING:FORCE_PREPROCESS (LT05_L1TP_181035_19950314_20200912_02_T1) (3482),851728,3482
,,0,2024-02-14T11:32:41.323133047Z,2024-03-15T11:32:41.323133047Z,2024-03-14T23:25:23.725675127Z,2679.45,docker_used_memory_mb,NFCORE_RANGELAND:RANGELAND:PREPROCESSING:FORCE_PREPROCESS (LT05_L1TP_181035_19950314_20200912_02_T1) (3482),NFCORE_RANGELAND:RANGELAND:PREPROCESSING:FORCE_PREPROCESS (LT05_L1TP_181035_19950314_20200912_02_T1) (3482),851728,3482
,,0,2024-02-14T11:32:41.323133047Z,2024-03-15T11:32:41.323133047Z,2024-03-14T23:25:25.725139745Z,2679.45,docker_used_memory_mb,NFCORE_RANGELAND:RANGELAND:PREPROCESSING:FORCE_PREPROCESS (LT05_L1TP_181035_19950314_20200912_02_T1) (3482),NFCORE_RANGELAND:RANGELAND:PREPROCESSING:FORCE_PREPROCESS (LT05_L1TP_181035_19950314_20200912_02_T1) (3482),851728,3482
,,0,2024-02-14T11:32:41.323133047Z,2024-03-15T11:32:41.323133047Z,2024-03-14T23:25:27.725966567Z,2679.57,docker_used_memory_mb,NFCORE_RANGELAND:RANGELAND:PREPROCESSING:FORCE_PREPROCESS (LT05_L1TP_181035_19950314_20200912_02_T1) (3482),NFCORE_RANGELAND:RANGELAND:PREPROCESSING:FORCE_PREPROCESS (LT05_L1TP_181035_19950314_20200912_02_T1) (3482),851728,3482
,,0,2024-02-14T11:32:41.323133047Z,2024-03-15T11:32:41.323133047Z,2024-03-14T23:25:29.725083754Z,2679.57,docker_used_memory_mb,NFCORE_RANGELAND:RANGELAND:PREPROCESSING:FORCE_PREPROCESS (LT05_L1TP_181035_19950314_20200912_02_T1) (3482),NFCORE_RANGELAND:RANGELAND:PREPROCESSING:FORCE_PREPROCESS (LT05_L1TP_181035_19950314_20200912_02_T1) (3482),851728,3482
,,0,2024-02-14T11:32:41.323133047Z,2024-03-15T11:32:41.323133047Z,2024-03-14T23:25:31.725686899Z,2679.57,docker_used_memory_mb,NFCORE_RANGELAND:RANGELAND:PREPROCESSING:FORCE_PREPROCESS (LT05_L1TP_181035_19950314_20200912_02_T1) (3482),NFCORE_RANGELAND:RANGELAND:PREPROCESSING:FORCE_PREPROCESS (LT05_L1TP_181035_19950314_20200912_02_T1) (3482),851728,3482
,,0,2024-02-14T11:32:41.323133047Z,2024-03-15T11:32:41.323133047Z,2024-03-14T23:25:33.725011243Z,2679.63,docker_used_memory_mb,NFCORE_RANGELAND:RANGELAND:PREPROCESSING:FORCE_PREPROCESS (LT05_L1TP_181035_19950314_20200912_02_T1) (3482),NFCORE_RANGELAND:RANGELAND:PREPROCESSING:FORCE_PREPROCESS (LT05_L1TP_181035_19950314_20200912_02_T1) (3482),851728,3482
,,0,2024-02-14T11:32:41.323133047Z,2024-03-15T11:32:41.323133047Z,2024-03-14T23:25:35.725451583Z,2679.63,docker_used_memory_mb,NFCORE_RANGELAND:RANGELAND:PREPROCESSING:FORCE_PREPROCESS (LT05_L1TP_181035_19950314_20200912_02_T1) (3482),NFCORE_RANGELAND:RANGELAND:PREPROCESSING:FORCE_PREPROCESS (LT05_L1TP_181035_19950314_20200912_02_T1) (3482),851728,3482
,,0,2024-02-14T11:32:41.323133047Z,2024-03-15T11:32:41.323133047Z,2024-03-14T23:25:38.724930185Z,2679.48,docker_used_memory_mb,NFCORE_RANGELAND:RANGELAND:PREPROCESSING:FORCE_PREPROCESS (LT05_L1TP_181035_19950314_20200912_02_T1) (3482),NFCORE_RANGELAND:RANGELAND:PREPROCESSING:FORCE_PREPROCESS (LT05_L1TP_181035_19950314_20200912_02_T1) (3482),851728,3482
,,0,2024-02-14T11:32:41.323133047Z,2024-03-15T11:32:41.323133047Z,2024-03-14T23:25:40.725260732Z,2679.48,docker_used_memory_mb,NFCORE_RANGELAND:RANGELAND:PREPROCESSING:FORCE_PREPROCESS (LT05_L1TP_181035_19950314_20200912_02_T1) (3482),NFCORE_RANGELAND:RANGELAND:PREPROCESSING:FORCE_PREPROCESS (LT05_L1TP_181035_19950314_20200912_02_T1) (3482),851728,3482
,,0,2024-02-14T11:32:41.323133047Z,2024-03-15T11:32:41.323133047Z,2024-03-14T23:25:42.72561617Z,2679.74,docker_used_memory_mb,NFCORE_RANGELAND:RANGELAND:PREPROCESSING:FORCE_PREPROCESS (LT05_L1TP_181035_19950314_20200912_02_T1) (3482),NFCORE_RANGELAND:RANGELAND:PREPROCESSING:FORCE_PREPROCESS (LT05_L1TP_181035_19950314_20200912_02_T1) (3482),851728,3482
,,0,2024-02-14T11:32:41.323133047Z,2024-03-15T11:32:41.323133047Z,2024-03-14T23:25:44.725279575Z,2679.54,docker_used_memory_mb,NFCORE_RANGELAND:RANGELAND:PREPROCESSING:FORCE_PREPROCESS (LT05_L1TP_181035_19950314_20200912_02_T1) (3482),NFCORE_RANGELAND:RANGELAND:PREPROCESSING:FORCE_PREPROCESS (LT05_L1TP_181035_19950314_20200912_02_T1) (3482),851728,3482
,,0,2024-02-14T11:32:41.323133047Z,2024-03-15T11:32:41.323133047Z,2024-03-14T23:25:46.725760987Z,2679.54,docker_used_memory_mb,NFCORE_RANGELAND:RANGELAND:PREPROCESSING:FORCE_PREPROCESS (LT05_L1TP_181035_19950314_20200912_02_T1) (3482),NFCORE_RANGELAND:RANGELAND:PREPROCESSING:FORCE_PREPROCESS (LT05_L1TP_181035_19950314_20200912_02_T1) (3482),851728,3482
,,0,2024-02-14T11:32:41.323133047Z,2024-03-15T11:32:41.323133047Z,2024-03-14T23:25:48.724903315Z,2679.62,docker_used_memory_mb,NFCORE_RANGELAND:RANGELAND:PREPROCESSING:FORCE_PREPROCESS (LT05_L1TP_181035_19950314_20200912_02_T1) (3482),NFCORE_RANGELAND:RANGELAND:PREPROCESSING:FORCE_PREPROCESS (LT05_L1TP_181035_19950314_20200912_02_T1) (3482),851728,3482
,,0,2024-02-14T11:32:41.323133047Z,2024-03-15T11:32:41.323133047Z,2024-03-14T23:25:50.72543268Z,2353.77,docker_used_memory_mb,NFCORE_RANGELAND:RANGELAND:PREPROCESSING:FORCE_PREPROCESS (LT05_L1TP_181035_19950314_20200912_02_T1) (3482),NFCORE_RANGELAND:RANGELAND:PREPROCESSING:FORCE_PREPROCESS (LT05_L1TP_181035_19950314_20200912_02_T1) (3482),851728,3482
