#datatype,string,long,dateTime:RFC3339,dateTime:RFC3339,dateTime:RFC3339,double,string,string,string,string,string
#group,false,false,true,true,false,false,true,true,true,true,true
#default,_result,,,,,,,,,,
,result,table,_start,_stop,_time,_value,_field,_measurement,name,pid,tid
,,0,2024-02-14T11:33:51.680298264Z,2024-03-15T11:33:51.680298264Z,2024-03-14T15:40:20.573434416Z,491.63,docker_used_memory_mb,NFCORE_RANGELAND:RANGELAND:PREPROCESSING:FORCE_PREPROCESS (LT05_L1TP_182035_20010201_20200906_02_T1) (2011),NFCORE_RANGELAND:RANGELAND:PREPROCESSING:FORCE_PREPROCESS (LT05_L1TP_182035_20010201_20200906_02_T1) (2011),1190346,2011
,,0,2024-02-14T11:33:51.680298264Z,2024-03-15T11:33:51.680298264Z,2024-03-14T15:40:22.574081432Z,1542.74,docker_used_memory_mb,NFCORE_RANGELAND:RANGELAND:PREPROCESSING:FORCE_PREPROCESS (LT05_L1TP_182035_20010201_20200906_02_T1) (2011),NFCORE_RANGELAND:RANGELAND:PREPROCESSING:FORCE_PREPROCESS (LT05_L1TP_182035_20010201_20200906_02_T1) (2011),1190346,2011
,,0,2024-02-14T11:33:51.680298264Z,2024-03-15T11:33:51.680298264Z,2024-03-14T15:40:24.573483727Z,1544.15,docker_used_memory_mb,NFCORE_RANGELAND:RANGELAND:PREPROCESSING:FORCE_PREPROCESS (LT05_L1TP_182035_20010201_20200906_02_T1) (2011),NFCORE_RANGELAND:RANGELAND:PREPROCESSING:FORCE_PREPROCESS (LT05_L1TP_182035_20010201_20200906_02_T1) (2011),1190346,2011
,,0,2024-02-14T11:33:51.680298264Z,2024-03-15T11:33:51.680298264Z,2024-03-14T15:40:26.574206781Z,1545.27,docker_used_memory_mb,NFCORE_RANGELAND:RANGELAND:PREPROCESSING:FORCE_PREPROCESS (LT05_L1TP_182035_20010201_20200906_02_T1) (2011),NFCORE_RANGELAND:RANGELAND:PREPROCESSING:FORCE_PREPROCESS (LT05_L1TP_182035_20010201_20200906_02_T1) (2011),1190346,2011
,,0,2024-02-14T11:33:51.680298264Z,2024-03-15T11:33:51.680298264Z,2024-03-14T15:40:28.573622931Z,1966.86,docker_used_memory_mb,NFCORE_RANGELAND:RANGELAND:PREPROCESSING:FORCE_PREPROCESS (LT05_L1TP_182035_20010201_20200906_02_T1) (2011),NFCORE_RANGELAND:RANGELAND:PREPROCESSING:FORCE_PREPROCESS (LT05_L1TP_182035_20010201_20200906_02_T1) (2011),1190346,2011
,,0,2024-02-14T11:33:51.680298264Z,2024-03-15T11:33:51.680298264Z,2024-03-14T15:40:30.573093881Z,2067.75,docker_used_memory_mb,NFCORE_RANGELAND:RANGELAND:PREPROCESSING:FORCE_PREPROCESS (LT05_L1TP_182035_20010201_20200906_02_T1) (2011),NFCORE_RANGELAND:RANGELAND:PREPROCESSING:FORCE_PREPROCESS (LT05_L1TP_182035_20010201_20200906_02_T1) (2011),1190346,2011
,,0,2024-02-14T11:33:51.680298264Z,2024-03-15T11:33:51.680298264Z,2024-03-14T15:40:32.573664063Z,2067.75,docker_used_memory_mb,NFCORE_RANGELAND:RANGELAND:PREPROCESSING:FORCE_PREPROCESS (LT05_L1TP_182035_20010201_20200906_02_T1) (2011),NFCORE_RANGELAND:RANGELAND:PREPROCESSING:FORCE_PREPROCESS (LT05_L1TP_182035_20010201_20200906_02_T1) (2011),1190346,2011
,,0,2024-02-14T11:33:51.680298264Z,2024-03-15T11:33:51.680298264Z,2024-03-14T15:40:34.573481029Z,2068.15,docker_used_memory_mb,NFCORE_RANGELAND:RANGELAND:PREPROCESSING:FORCE_PREPROCESS (LT05_L1TP_182035_20010201_20200906_02_T1) (2011),NFCORE_RANGELAND:RANGELAND:PREPROCESSING:FORCE_PREPROCESS (LT05_L1TP_182035_20010201_20200906_02_T1) (2011),1190346,2011
,,0,2024-02-14T11:33:51.680298264Z,2024-03-15T11:33:51.680298264Z,2024-03-14T15:40:36.573032433Z,2068.01,docker_used_memory_mb,NFCORE_RANGELAND:RANGELAND:PREPROCESSING:FORCE_PREPROCESS (LT05_L1TP_182035_20010201_20200906_02_T1) (2011),NFCORE_RANGELAND:RANGELAND:PREPROCESSING:FORCE_PREPROCESS (LT05_L1TP_182035_20010201_20200906_02_T1) (2011),1190346,2011
,,0,2024-02-14T11:33:51.680298264Z,2024-03-15T11:33:51.680298264Z,2024-03-14T15:40:39.57374279Z,2068.01,docker_used_memory_mb,NFCORE_RANGELAND:RANGELAND:PREPROCESSING:FORCE_PREPROCESS (LT05_L1TP_182035_20010201_20200906_02_T1) (2011),NFCORE_RANGELAND:RANGELAND:PREPROCESSING:FORCE_PREPROCESS (LT05_L1TP_182035_20010201_20200906_02_T1) (2011),1190346,2011
,,0,2024-02-14T11:33:51.680298264Z,2024-03-15T11:33:51.680298264Z,2024-03-14T15:40:41.573400973Z,2068.12,docker_used_memory_mb,NFCORE_RANGELAND:RANGELAND:PREPROCESSING:FORCE_PREPROCESS (LT05_L1TP_182035_20010201_20200906_02_T1) (2011),NFCORE_RANGELAND:RANGELAND:PREPROCESSING:FORCE_PREPROCESS (LT05_L1TP_182035_20010201_20200906_02_T1) (2011),1190346,2011
,,0,2024-02-14T11:33:51.680298264Z,2024-03-15T11:33:51.680298264Z,2024-03-14T15:40:43.573692543Z,2068.12,docker_used_memory_mb,NFCORE_RANGELAND:RANGELAND:PREPROCESSING:FORCE_PREPROCESS (LT05_L1TP_182035_20010201_20200906_02_T1) (2011),NFCORE_RANGELAND:RANGELAND:PREPROCESSING:FORCE_PREPROCESS (LT05_L1TP_182035_20010201_20200906_02_T1) (2011),1190346,2011
,,0,2024-02-14T11:33:51.680298264Z,2024-03-15T11:33:51.680298264Z,2024-03-14T15:40:45.573219678Z,2069.39,docker_used_memory_mb,NFCORE_RANGELAND:RANGELAND:PREPROCESSING:FORCE_PREPROCESS (LT05_L1TP_182035_20010201_20200906_02_T1) (2011),NFCORE_RANGELAND:RANGELAND:PREPROCESSING:FORCE_PREPROCESS (LT05_L1TP_182035_20010201_20200906_02_T1) (2011),1190346,2011
,,0,2024-02-14T11:33:51.680298264Z,2024-03-15T11:33:51.680298264Z,2024-03-14T15:40:47.573687999Z,2068.37,docker_used_memory_mb,NFCORE_RANGELAND:RANGELAND:PREPROCESSING:FORCE_PREPROCESS (LT05_L1TP_182035_20010201_20200906_02_T1) (2011),NFCORE_RANGELAND:RANGELAND:PREPROCESSING:FORCE_PREPROCESS (LT05_L1TP_182035_20010201_20200906_02_T1) (2011),1190346,2011
,,0,2024-02-14T11:33:51.680298264Z,2024-03-15T11:33:51.680298264Z,2024-03-14T15:40:49.573348594Z,2068.37,docker_used_memory_mb,NFCORE_RANGELAND:RANGELAND:PREPROCESSING:FORCE_PREPROCESS (LT05_L1TP_182035_20010201_20200906_02_T1) (2011),NFCORE_RANGELAND:RANGELAND:PREPROCESSING:FORCE_PREPROCESS (LT05_L1TP_182035_20010201_20200906_02_T1) (2011),1190346,2011
,,0,2024-02-14T11:33:51.680298264Z,2024-03-15T11:33:51.680298264Z,2024-03-14T15:40:51.573685806Z,1816.83,docker_used_memory_mb,NFCORE_RANGELAND:RANGELAND:PREPROCESSING:FORCE_PREPROCESS (LT05_L1TP_182035_20010201_20200906_02_T1) (2011),NFCORE_RANGELAND:RANGELAND:PREPROCESSING:FORCE_PREPROCESS (LT05_L1TP_182035_20010201_20200906_02_T1) (2011),1190346,2011
,,0,2024-02-14T11:33:51.680298264Z,2024-03-15T11:33:51.680298264Z,2024-03-14T15:40:53.573245803Z,2139.96,docker_used_memory_mb,NFCORE_RANGELAND:RANGELAND:PREPROCESSING:FORCE_PREPROCESS (LT05_L1TP_182035_20010201_20200906_02_T1) (2011),NFCORE_RANGELAND:RANGELAND:PREPROCESSING:FORCE_PREPROCESS (LT05_L1TP_182035_20010201_20200906_02_T1) (2011),1190346,2011
,,0,2024-02-14T11:33:51.680298264Z,2024-03-15T11:33:51.680298264Z,2024-03-14T15:40:55.573845699Z,2336.02,docker_used_memory_mb,NFCORE_RANGELAND:RANGELAND:PREPROCESSING:FORCE_PREPROCESS (LT05_L1TP_182035_20010201_20200906_02_T1) (2011),NFCORE_RANGELAND:RANGELAND:PREPROCESSING:FORCE_PREPROCESS (LT05_L1TP_182035_20010201_20200906_02_T1) (2011),1190346,2011
,,0,2024-02-14T11:33:51.680298264Z,2024-03-15T11:33:51.680298264Z,2024-03-14T15:40:57.573309318Z,2798.12,docker_used_memory_mb,NFCORE_RANGELAND:RANGELAND:PREPROCESSING:FORCE_PREPROCESS (LT05_L1TP_182035_20010201_20200906_02_T1) (2011),NFCORE_RANGELAND:RANGELAND:PREPROCESSING:FORCE_PREPROCESS (LT05_L1TP_182035_20010201_20200906_02_T1) (2011),1190346,2011
,,0,2024-02-14T11:33:51.680298264Z,2024-03-15T11:33:51.680298264Z,2024-03-14T15:40:59.573850699Z,2440.03,docker_used_memory_mb,NFCORE_RANGELAND:RANGELAND:PREPROCESSING:FORCE_PREPROCESS (LT05_L1TP_182035_20010201_20200906_02_T1) (2011),NFCORE_RANGELAND:RANGELAND:PREPROCESSING:FORCE_PREPROCESS (LT05_L1TP_182035_20010201_20200906_02_T1) (2011),1190346,2011
,,0,2024-02-14T11:33:51.680298264Z,2024-03-15T11:33:51.680298264Z,2024-03-14T15:41:01.573363205Z,2448.35,docker_used_memory_mb,NFCORE_RANGELAND:RANGELAND:PREPROCESSING:FORCE_PREPROCESS (LT05_L1TP_182035_20010201_20200906_02_T1) (2011),NFCORE_RANGELAND:RANGELAND:PREPROCESSING:FORCE_PREPROCESS (LT05_L1TP_182035_20010201_20200906_02_T1) (2011),1190346,2011
,,0,2024-02-14T11:33:51.680298264Z,2024-03-15T11:33:51.680298264Z,2024-03-14T15:41:03.573956442Z,2455.54,docker_used_memory_mb,NFCORE_RANGELAND:RANGELAND:PREPROCESSING:FORCE_PREPROCESS (LT05_L1TP_182035_20010201_20200906_02_T1) (2011),NFCORE_RANGELAND:RANGELAND:PREPROCESSING:FORCE_PREPROCESS (LT05_L1TP_182035_20010201_20200906_02_T1) (2011),1190346,2011
,,0,2024-02-14T11:33:51.680298264Z,2024-03-15T11:33:51.680298264Z,2024-03-14T15:41:05.573405022Z,2467.39,docker_used_memory_mb,NFCORE_RANGELAND:RANGELAND:PREPROCESSING:FORCE_PREPROCESS (LT05_L1TP_182035_20010201_20200906_02_T1) (2011),NFCORE_RANGELAND:RANGELAND:PREPROCESSING:FORCE_PREPROCESS (LT05_L1TP_182035_20010201_20200906_02_T1) (2011),1190346,2011
,,0,2024-02-14T11:33:51.680298264Z,2024-03-15T11:33:51.680298264Z,2024-03-14T15:41:07.574071018Z,2468.11,docker_used_memory_mb,NFCORE_RANGELAND:RANGELAND:PREPROCESSING:FORCE_PREPROCESS (LT05_L1TP_182035_20010201_20200906_02_T1) (2011),NFCORE_RANGELAND:RANGELAND:PREPROCESSING:FORCE_PREPROCESS (LT05_L1TP_182035_20010201_20200906_02_T1) (2011),1190346,2011
,,0,2024-02-14T11:33:51.680298264Z,2024-03-15T11:33:51.680298264Z,2024-03-14T15:41:09.57341618Z,2468.96,docker_used_memory_mb,NFCORE_RANGELAND:RANGELAND:PREPROCESSING:FORCE_PREPROCESS (LT05_L1TP_182035_20010201_20200906_02_T1) (2011),NFCORE_RANGELAND:RANGELAND:PREPROCESSING:FORCE_PREPROCESS (LT05_L1TP_182035_20010201_20200906_02_T1) (2011),1190346,2011
,,0,2024-02-14T11:33:51.680298264Z,2024-03-15T11:33:51.680298264Z,2024-03-14T15:41:11.573921516Z,2470.06,docker_used_memory_mb,NFCORE_RANGELAND:RANGELAND:PREPROCESSING:FORCE_PREPROCESS (LT05_L1TP_182035_20010201_20200906_02_T1) (2011),NFCORE_RANGELAND:RANGELAND:PREPROCESSING:FORCE_PREPROCESS (LT05_L1TP_182035_20010201_20200906_02_T1) (2011),1190346,2011
,,0,2024-02-14T11:33:51.680298264Z,2024-03-15T11:33:51.680298264Z,2024-03-14T15:41:13.573376598Z,2471.48,docker_used_memory_mb,NFCORE_RANGELAND:RANGELAND:PREPROCESSING:FORCE_PREPROCESS (LT05_L1TP_182035_20010201_20200906_02_T1) (2011),NFCORE_RANGELAND:RANGELAND:PREPROCESSING:FORCE_PREPROCESS (LT05_L1TP_182035_20010201_20200906_02_T1) (2011),1190346,2011
,,0,2024-02-14T11:33:51.680298264Z,2024-03-15T11:33:51.680298264Z,2024-03-14T15:41:15.573889389Z,2480.61,docker_used_memory_mb,NFCORE_RANGELAND:RANGELAND:PREPROCESSING:FORCE_PREPROCESS (LT05_L1TP_182035_20010201_20200906_02_T1) (2011),NFCORE_RANGELAND:RANGELAND:PREPROCESSING:FORCE_PREPROCESS (LT05_L1TP_182035_20010201_20200906_02_T1) (2011),1190346,2011
,,0,2024-02-14T11:33:51.680298264Z,2024-03-15T11:33:51.680298264Z,2024-03-14T15:41:17.57346057Z,2480.25,docker_used_memory_mb,NFCORE_RANGELAND:RANGELAND:PREPROCESSING:FORCE_PREPROCESS (LT05_L1TP_182035_20010201_20200906_02_T1) (2011),NFCORE_RANGELAND:RANGELAND:PREPROCESSING:FORCE_PREPROCESS (LT05_L1TP_182035_20010201_20200906_02_T1) (2011),1190346,2011
,,0,2024-02-14T11:33:51.680298264Z,2024-03-15T11:33:51.680298264Z,2024-03-14T15:41:19.573996699Z,2481.62,docker_used_memory_mb,NFCORE_RANGELAND:RANGELAND:PREPROCESSING:FORCE_PREPROCESS (LT05_L1TP_182035_20010201_20200906_02_T1) (2011),NFCORE_RANGELAND:RANGELAND:PREPROCESSING:FORCE_PREPROCESS (LT05_L1TP_182035_20010201_20200906_02_T1) (2011),1190346,2011
,,0,2024-02-14T11:33:51.680298264Z,2024-03-15T11:33:51.680298264Z,2024-03-14T15:41:21.573742181Z,2481.79,docker_used_memory_mb,NFCORE_RANGELAND:RANGELAND:PREPROCESSING:FORCE_PREPROCESS (LT05_L1TP_182035_20010201_20200906_02_T1) (2011),NFCORE_RANGELAND:RANGELAND:PREPROCESSING:FORCE_PREPROCESS (LT05_L1TP_182035_20010201_20200906_02_T1) (2011),1190346,2011
,,0,2024-02-14T11:33:51.680298264Z,2024-03-15T11:33:51.680298264Z,2024-03-14T15:41:23.573336536Z,2484.62,docker_used_memory_mb,NFCORE_RANGELAND:RANGELAND:PREPROCESSING:FORCE_PREPROCESS (LT05_L1TP_182035_20010201_20200906_02_T1) (2011),NFCORE_RANGELAND:RANGELAND:PREPROCESSING:FORCE_PREPROCESS (LT05_L1TP_182035_20010201_20200906_02_T1) (2011),1190346,2011
,,0,2024-02-14T11:33:51.680298264Z,2024-03-15T11:33:51.680298264Z,2024-03-14T15:41:25.573897869Z,2521.31,docker_used_memory_mb,NFCORE_RANGELAND:RANGELAND:PREPROCESSING:FORCE_PREPROCESS (LT05_L1TP_182035_20010201_20200906_02_T1) (2011),NFCORE_RANGELAND:RANGELAND:PREPROCESSING:FORCE_PREPROCESS (LT05_L1TP_182035_20010201_20200906_02_T1) (2011),1190346,2011
,,0,2024-02-14T11:33:51.680298264Z,2024-03-15T11:33:51.680298264Z,2024-03-14T15:41:27.57348357Z,2520.48,docker_used_memory_mb,NFCORE_RANGELAND:RANGELAND:PREPROCESSING:FORCE_PREPROCESS (LT05_L1TP_182035_20010201_20200906_02_T1) (2011),NFCORE_RANGELAND:RANGELAND:PREPROCESSING:FORCE_PREPROCESS (LT05_L1TP_182035_20010201_20200906_02_T1) (2011),1190346,2011
,,0,2024-02-14T11:33:51.680298264Z,2024-03-15T11:33:51.680298264Z,2024-03-14T15:41:29.57409053Z,2520.45,docker_used_memory_mb,NFCORE_RANGELAND:RANGELAND:PREPROCESSING:FORCE_PREPROCESS (LT05_L1TP_182035_20010201_20200906_02_T1) (2011),NFCORE_RANGELAND:RANGELAND:PREPROCESSING:FORCE_PREPROCESS (LT05_L1TP_182035_20010201_20200906_02_T1) (2011),1190346,2011
,,0,2024-02-14T11:33:51.680298264Z,2024-03-15T11:33:51.680298264Z,2024-03-14T15:41:31.573616824Z,2520.57,docker_used_memory_mb,NFCORE_RANGELAND:RANGELAND:PREPROCESSING:FORCE_PREPROCESS (LT05_L1TP_182035_20010201_20200906_02_T1) (2011),NFCORE_RANGELAND:RANGELAND:PREPROCESSING:FORCE_PREPROCESS (LT05_L1TP_182035_20010201_20200906_02_T1) (2011),1190346,2011
,,0,2024-02-14T11:33:51.680298264Z,2024-03-15T11:33:51.680298264Z,2024-03-14T15:41:33.573142947Z,2520.57,docker_used_memory_mb,NFCORE_RANGELAND:RANGELAND:PREPROCESSING:FORCE_PREPROCESS (LT05_L1TP_182035_20010201_20200906_02_T1) (2011),NFCORE_RANGELAND:RANGELAND:PREPROCESSING:FORCE_PREPROCESS (LT05_L1TP_182035_20010201_20200906_02_T1) (2011),1190346,2011
,,0,2024-02-14T11:33:51.680298264Z,2024-03-15T11:33:51.680298264Z,2024-03-14T15:41:35.57370218Z,2521.44,docker_used_memory_mb,NFCORE_RANGELAND:RANGELAND:PREPROCESSING:FORCE_PREPROCESS (LT05_L1TP_182035_20010201_20200906_02_T1) (2011),NFCORE_RANGELAND:RANGELAND:PREPROCESSING:FORCE_PREPROCESS (LT05_L1TP_182035_20010201_20200906_02_T1) (2011),1190346,2011
,,0,2024-02-14T11:33:51.680298264Z,2024-03-15T11:33:51.680298264Z,2024-03-14T15:41:37.57330146Z,2520.8,docker_used_memory_mb,NFCORE_RANGELAND:RANGELAND:PREPROCESSING:FORCE_PREPROCESS (LT05_L1TP_182035_20010201_20200906_02_T1) (2011),NFCORE_RANGELAND:RANGELAND:PREPROCESSING:FORCE_PREPROCESS (LT05_L1TP_182035_20010201_20200906_02_T1) (2011),1190346,2011
,,0,2024-02-14T11:33:51.680298264Z,2024-03-15T11:33:51.680298264Z,2024-03-14T15:41:39.573626462Z,2520.8,docker_used_memory_mb,NFCORE_RANGELAND:RANGELAND:PREPROCESSING:FORCE_PREPROCESS (LT05_L1TP_182035_20010201_20200906_02_T1) (2011),NFCORE_RANGELAND:RANGELAND:PREPROCESSING:FORCE_PREPROCESS (LT05_L1TP_182035_20010201_20200906_02_T1) (2011),1190346,2011
,,0,2024-02-14T11:33:51.680298264Z,2024-03-15T11:33:51.680298264Z,2024-03-14T15:41:41.573378383Z,2520.96,docker_used_memory_mb,NFCORE_RANGELAND:RANGELAND:PREPROCESSING:FORCE_PREPROCESS (LT05_L1TP_182035_20010201_20200906_02_T1) (2011),NFCORE_RANGELAND:RANGELAND:PREPROCESSING:FORCE_PREPROCESS (LT05_L1TP_182035_20010201_20200906_02_T1) (2011),1190346,2011
,,0,2024-02-14T11:33:51.680298264Z,2024-03-15T11:33:51.680298264Z,2024-03-14T15:41:43.573850295Z,2520.96,docker_used_memory_mb,NFCORE_RANGELAND:RANGELAND:PREPROCESSING:FORCE_PREPROCESS (LT05_L1TP_182035_20010201_20200906_02_T1) (2011),NFCORE_RANGELAND:RANGELAND:PREPROCESSING:FORCE_PREPROCESS (LT05_L1TP_182035_20010201_20200906_02_T1) (2011),1190346,2011
,,0,2024-02-14T11:33:51.680298264Z,2024-03-15T11:33:51.680298264Z,2024-03-14T15:41:46.573312925Z,2521.68,docker_used_memory_mb,NFCORE_RANGELAND:RANGELAND:PREPROCESSING:FORCE_PREPROCESS (LT05_L1TP_182035_20010201_20200906_02_T1) (2011),NFCORE_RANGELAND:RANGELAND:PREPROCESSING:FORCE_PREPROCESS (LT05_L1TP_182035_20010201_20200906_02_T1) (2011),1190346,2011
,,0,2024-02-14T11:33:51.680298264Z,2024-03-15T11:33:51.680298264Z,2024-03-14T15:41:48.573941937Z,2521.18,docker_used_memory_mb,NFCORE_RANGELAND:RANGELAND:PREPROCESSING:FORCE_PREPROCESS (LT05_L1TP_182035_20010201_20200906_02_T1) (2011),NFCORE_RANGELAND:RANGELAND:PREPROCESSING:FORCE_PREPROCESS (LT05_L1TP_182035_20010201_20200906_02_T1) (2011),1190346,2011
,,0,2024-02-14T11:33:51.680298264Z,2024-03-15T11:33:51.680298264Z,2024-03-14T15:41:50.573464182Z,2521.18,docker_used_memory_mb,NFCORE_RANGELAND:RANGELAND:PREPROCESSING:FORCE_PREPROCESS (LT05_L1TP_182035_20010201_20200906_02_T1) (2011),NFCORE_RANGELAND:RANGELAND:PREPROCESSING:FORCE_PREPROCESS (LT05_L1TP_182035_20010201_20200906_02_T1) (2011),1190346,2011
,,0,2024-02-14T11:33:51.680298264Z,2024-03-15T11:33:51.680298264Z,2024-03-14T15:41:52.574370458Z,2521.36,docker_used_memory_mb,NFCORE_RANGELAND:RANGELAND:PREPROCESSING:FORCE_PREPROCESS (LT05_L1TP_182035_20010201_20200906_02_T1) (2011),NFCORE_RANGELAND:RANGELAND:PREPROCESSING:FORCE_PREPROCESS (LT05_L1TP_182035_20010201_20200906_02_T1) (2011),1190346,2011
,,0,2024-02-14T11:33:51.680298264Z,2024-03-15T11:33:51.680298264Z,2024-03-14T15:41:54.573559379Z,2521.36,docker_used_memory_mb,NFCORE_RANGELAND:RANGELAND:PREPROCESSING:FORCE_PREPROCESS (LT05_L1TP_182035_20010201_20200906_02_T1) (2011),NFCORE_RANGELAND:RANGELAND:PREPROCESSING:FORCE_PREPROCESS (LT05_L1TP_182035_20010201_20200906_02_T1) (2011),1190346,2011
,,0,2024-02-14T11:33:51.680298264Z,2024-03-15T11:33:51.680298264Z,2024-03-14T15:41:56.57732807Z,2521.71,docker_used_memory_mb,NFCORE_RANGELAND:RANGELAND:PREPROCESSING:FORCE_PREPROCESS (LT05_L1TP_182035_20010201_20200906_02_T1) (2011),NFCORE_RANGELAND:RANGELAND:PREPROCESSING:FORCE_PREPROCESS (LT05_L1TP_182035_20010201_20200906_02_T1) (2011),1190346,2011
,,0,2024-02-14T11:33:51.680298264Z,2024-03-15T11:33:51.680298264Z,2024-03-14T15:41:58.573141603Z,2521.54,docker_used_memory_mb,NFCORE_RANGELAND:RANGELAND:PREPROCESSING:FORCE_PREPROCESS (LT05_L1TP_182035_20010201_20200906_02_T1) (2011),NFCORE_RANGELAND:RANGELAND:PREPROCESSING:FORCE_PREPROCESS (LT05_L1TP_182035_20010201_20200906_02_T1) (2011),1190346,2011
,,0,2024-02-14T11:33:51.680298264Z,2024-03-15T11:33:51.680298264Z,2024-03-14T15:42:00.573664118Z,2521.54,docker_used_memory_mb,NFCORE_RANGELAND:RANGELAND:PREPROCESSING:FORCE_PREPROCESS (LT05_L1TP_182035_20010201_20200906_02_T1) (2011),NFCORE_RANGELAND:RANGELAND:PREPROCESSING:FORCE_PREPROCESS (LT05_L1TP_182035_20010201_20200906_02_T1) (2011),1190346,2011
,,0,2024-02-14T11:33:51.680298264Z,2024-03-15T11:33:51.680298264Z,2024-03-14T15:42:02.573391969Z,2521.61,docker_used_memory_mb,NFCORE_RANGELAND:RANGELAND:PREPROCESSING:FORCE_PREPROCESS (LT05_L1TP_182035_20010201_20200906_02_T1) (2011),NFCORE_RANGELAND:RANGELAND:PREPROCESSING:FORCE_PREPROCESS (LT05_L1TP_182035_20010201_20200906_02_T1) (2011),1190346,2011
,,0,2024-02-14T11:33:51.680298264Z,2024-03-15T11:33:51.680298264Z,2024-03-14T15:42:04.573765956Z,2521.61,docker_used_memory_mb,NFCORE_RANGELAND:RANGELAND:PREPROCESSING:FORCE_PREPROCESS (LT05_L1TP_182035_20010201_20200906_02_T1) (2011),NFCORE_RANGELAND:RANGELAND:PREPROCESSING:FORCE_PREPROCESS (LT05_L1TP_182035_20010201_20200906_02_T1) (2011),1190346,2011
,,0,2024-02-14T11:33:51.680298264Z,2024-03-15T11:33:51.680298264Z,2024-03-14T15:42:06.573301446Z,2521.71,docker_used_memory_mb,NFCORE_RANGELAND:RANGELAND:PREPROCESSING:FORCE_PREPROCESS (LT05_L1TP_182035_20010201_20200906_02_T1) (2011),NFCORE_RANGELAND:RANGELAND:PREPROCESSING:FORCE_PREPROCESS (LT05_L1TP_182035_20010201_20200906_02_T1) (2011),1190346,2011
,,0,2024-02-14T11:33:51.680298264Z,2024-03-15T11:33:51.680298264Z,2024-03-14T15:42:08.573691901Z,2521.71,docker_used_memory_mb,NFCORE_RANGELAND:RANGELAND:PREPROCESSING:FORCE_PREPROCESS (LT05_L1TP_182035_20010201_20200906_02_T1) (2011),NFCORE_RANGELAND:RANGELAND:PREPROCESSING:FORCE_PREPROCESS (LT05_L1TP_182035_20010201_20200906_02_T1) (2011),1190346,2011
,,0,2024-02-14T11:33:51.680298264Z,2024-03-15T11:33:51.680298264Z,2024-03-14T15:42:10.57332969Z,2521.71,docker_used_memory_mb,NFCORE_RANGELAND:RANGELAND:PREPROCESSING:FORCE_PREPROCESS (LT05_L1TP_182035_20010201_20200906_02_T1) (2011),NFCORE_RANGELAND:RANGELAND:PREPROCESSING:FORCE_PREPROCESS (LT05_L1TP_182035_20010201_20200906_02_T1) (2011),1190346,2011
,,0,2024-02-14T11:33:51.680298264Z,2024-03-15T11:33:51.680298264Z,2024-03-14T15:42:12.574143484Z,2521.71,docker_used_memory_mb,NFCORE_RANGELAND:RANGELAND:PREPROCESSING:FORCE_PREPROCESS (LT05_L1TP_182035_20010201_20200906_02_T1) (2011),NFCORE_RANGELAND:RANGELAND:PREPROCESSING:FORCE_PREPROCESS (LT05_L1TP_182035_20010201_20200906_02_T1) (2011),1190346,2011
,,0,2024-02-14T11:33:51.680298264Z,2024-03-15T11:33:51.680298264Z,2024-03-14T15:42:14.573354036Z,2521.71,docker_used_memory_mb,NFCORE_RANGELAND:RANGELAND:PREPROCESSING:FORCE_PREPROCESS (LT05_L1TP_182035_20010201_20200906_02_T1) (2011),NFCORE_RANGELAND:RANGELAND:PREPROCESSING:FORCE_PREPROCESS (LT05_L1TP_182035_20010201_20200906_02_T1) (2011),1190346,2011
,,0,2024-02-14T11:33:51.680298264Z,2024-03-15T11:33:51.680298264Z,2024-03-14T15:42:16.574066374Z,2521.96,docker_used_memory_mb,NFCORE_RANGELAND:RANGELAND:PREPROCESSING:FORCE_PREPROCESS (LT05_L1TP_182035_20010201_20200906_02_T1) (2011),NFCORE_RANGELAND:RANGELAND:PREPROCESSING:FORCE_PREPROCESS (LT05_L1TP_182035_20010201_20200906_02_T1) (2011),1190346,2011
,,0,2024-02-14T11:33:51.680298264Z,2024-03-15T11:33:51.680298264Z,2024-03-14T15:42:18.573308413Z,2521.96,docker_used_memory_mb,NFCORE_RANGELAND:RANGELAND:PREPROCESSING:FORCE_PREPROCESS (LT05_L1TP_182035_20010201_20200906_02_T1) (2011),NFCORE_RANGELAND:RANGELAND:PREPROCESSING:FORCE_PREPROCESS (LT05_L1TP_182035_20010201_20200906_02_T1) (2011),1190346,2011
,,0,2024-02-14T11:33:51.680298264Z,2024-03-15T11:33:51.680298264Z,2024-03-14T15:42:20.573703416Z,2521.96,docker_used_memory_mb,NFCORE_RANGELAND:RANGELAND:PREPROCESSING:FORCE_PREPROCESS (LT05_L1TP_182035_20010201_20200906_02_T1) (2011),NFCORE_RANGELAND:RANGELAND:PREPROCESSING:FORCE_PREPROCESS (LT05_L1TP_182035_20010201_20200906_02_T1) (2011),1190346,2011
,,0,2024-02-14T11:33:51.680298264Z,2024-03-15T11:33:51.680298264Z,2024-03-14T15:42:22.573287833Z,2526.22,docker_used_memory_mb,NFCORE_RANGELAND:RANGELAND:PREPROCESSING:FORCE_PREPROCESS (LT05_L1TP_182035_20010201_20200906_02_T1) (2011),NFCORE_RANGELAND:RANGELAND:PREPROCESSING:FORCE_PREPROCESS (LT05_L1TP_182035_20010201_20200906_02_T1) (2011),1190346,2011
,,0,2024-02-14T11:33:51.680298264Z,2024-03-15T11:33:51.680298264Z,2024-03-14T15:42:24.573818426Z,2213.78,docker_used_memory_mb,NFCORE_RANGELAND:RANGELAND:PREPROCESSING:FORCE_PREPROCESS (LT05_L1TP_182035_20010201_20200906_02_T1) (2011),NFCORE_RANGELAND:RANGELAND:PREPROCESSING:FORCE_PREPROCESS (LT05_L1TP_182035_20010201_20200906_02_T1) (2011),1190346,2011
,,0,2024-02-14T11:33:51.680298264Z,2024-03-15T11:33:51.680298264Z,2024-03-14T15:42:26.573251674Z,2214.98,docker_used_memory_mb,NFCORE_RANGELAND:RANGELAND:PREPROCESSING:FORCE_PREPROCESS (LT05_L1TP_182035_20010201_20200906_02_T1) (2011),NFCORE_RANGELAND:RANGELAND:PREPROCESSING:FORCE_PREPROCESS (LT05_L1TP_182035_20010201_20200906_02_T1) (2011),1190346,2011
,,0,2024-02-14T11:33:51.680298264Z,2024-03-15T11:33:51.680298264Z,2024-03-14T15:42:28.573758994Z,2091.23,docker_used_memory_mb,NFCORE_RANGELAND:RANGELAND:PREPROCESSING:FORCE_PREPROCESS (LT05_L1TP_182035_20010201_20200906_02_T1) (2011),NFCORE_RANGELAND:RANGELAND:PREPROCESSING:FORCE_PREPROCESS (LT05_L1TP_182035_20010201_20200906_02_T1) (2011),1190346,2011
,,0,2024-02-14T11:33:51.680298264Z,2024-03-15T11:33:51.680298264Z,2024-03-14T15:42:30.5732569Z,2476.55,docker_used_memory_mb,NFCORE_RANGELAND:RANGELAND:PREPROCESSING:FORCE_PREPROCESS (LT05_L1TP_182035_20010201_20200906_02_T1) (2011),NFCORE_RANGELAND:RANGELAND:PREPROCESSING:FORCE_PREPROCESS (LT05_L1TP_182035_20010201_20200906_02_T1) (2011),1190346,2011
,,0,2024-02-14T11:33:51.680298264Z,2024-03-15T11:33:51.680298264Z,2024-03-14T15:42:32.574018074Z,2272.42,docker_used_memory_mb,NFCORE_RANGELAND:RANGELAND:PREPROCESSING:FORCE_PREPROCESS (LT05_L1TP_182035_20010201_20200906_02_T1) (2011),NFCORE_RANGELAND:RANGELAND:PREPROCESSING:FORCE_PREPROCESS (LT05_L1TP_182035_20010201_20200906_02_T1) (2011),1190346,2011
,,0,2024-02-14T11:33:51.680298264Z,2024-03-15T11:33:51.680298264Z,2024-03-14T15:42:34.573455624Z,2091.09,docker_used_memory_mb,NFCORE_RANGELAND:RANGELAND:PREPROCESSING:FORCE_PREPROCESS (LT05_L1TP_182035_20010201_20200906_02_T1) (2011),NFCORE_RANGELAND:RANGELAND:PREPROCESSING:FORCE_PREPROCESS (LT05_L1TP_182035_20010201_20200906_02_T1) (2011),1190346,2011
,,0,2024-02-14T11:33:51.680298264Z,2024-03-15T11:33:51.680298264Z,2024-03-14T15:42:36.573951496Z,2255.95,docker_used_memory_mb,NFCORE_RANGELAND:RANGELAND:PREPROCESSING:FORCE_PREPROCESS (LT05_L1TP_182035_20010201_20200906_02_T1) (2011),NFCORE_RANGELAND:RANGELAND:PREPROCESSING:FORCE_PREPROCESS (LT05_L1TP_182035_20010201_20200906_02_T1) (2011),1190346,2011
,,0,2024-02-14T11:33:51.680298264Z,2024-03-15T11:33:51.680298264Z,2024-03-14T15:42:38.573532338Z,2689.36,docker_used_memory_mb,NFCORE_RANGELAND:RANGELAND:PREPROCESSING:FORCE_PREPROCESS (LT05_L1TP_182035_20010201_20200906_02_T1) (2011),NFCORE_RANGELAND:RANGELAND:PREPROCESSING:FORCE_PREPROCESS (LT05_L1TP_182035_20010201_20200906_02_T1) (2011),1190346,2011
,,0,2024-02-14T11:33:51.680298264Z,2024-03-15T11:33:51.680298264Z,2024-03-14T15:42:40.574022425Z,2267.19,docker_used_memory_mb,NFCORE_RANGELAND:RANGELAND:PREPROCESSING:FORCE_PREPROCESS (LT05_L1TP_182035_20010201_20200906_02_T1) (2011),NFCORE_RANGELAND:RANGELAND:PREPROCESSING:FORCE_PREPROCESS (LT05_L1TP_182035_20010201_20200906_02_T1) (2011),1190346,2011
,,0,2024-02-14T11:33:51.680298264Z,2024-03-15T11:33:51.680298264Z,2024-03-14T15:42:42.573597763Z,2412.06,docker_used_memory_mb,NFCORE_RANGELAND:RANGELAND:PREPROCESSING:FORCE_PREPROCESS (LT05_L1TP_182035_20010201_20200906_02_T1) (2011),NFCORE_RANGELAND:RANGELAND:PREPROCESSING:FORCE_PREPROCESS (LT05_L1TP_182035_20010201_20200906_02_T1) (2011),1190346,2011
,,0,2024-02-14T11:33:51.680298264Z,2024-03-15T11:33:51.680298264Z,2024-03-14T15:42:44.573094186Z,2807.64,docker_used_memory_mb,NFCORE_RANGELAND:RANGELAND:PREPROCESSING:FORCE_PREPROCESS (LT05_L1TP_182035_20010201_20200906_02_T1) (2011),NFCORE_RANGELAND:RANGELAND:PREPROCESSING:FORCE_PREPROCESS (LT05_L1TP_182035_20010201_20200906_02_T1) (2011),1190346,2011
,,0,2024-02-14T11:33:51.680298264Z,2024-03-15T11:33:51.680298264Z,2024-03-14T15:42:46.573739144Z,2261.41,docker_used_memory_mb,NFCORE_RANGELAND:RANGELAND:PREPROCESSING:FORCE_PREPROCESS (LT05_L1TP_182035_20010201_20200906_02_T1) (2011),NFCORE_RANGELAND:RANGELAND:PREPROCESSING:FORCE_PREPROCESS (LT05_L1TP_182035_20010201_20200906_02_T1) (2011),1190346,2011
,,0,2024-02-14T11:33:51.680298264Z,2024-03-15T11:33:51.680298264Z,2024-03-14T15:42:48.573151071Z,2740.53,docker_used_memory_mb,NFCORE_RANGELAND:RANGELAND:PREPROCESSING:FORCE_PREPROCESS (LT05_L1TP_182035_20010201_20200906_02_T1) (2011),NFCORE_RANGELAND:RANGELAND:PREPROCESSING:FORCE_PREPROCESS (LT05_L1TP_182035_20010201_20200906_02_T1) (2011),1190346,2011
,,0,2024-02-14T11:33:51.680298264Z,2024-03-15T11:33:51.680298264Z,2024-03-14T15:42:50.57364677Z,2267.28,docker_used_memory_mb,NFCORE_RANGELAND:RANGELAND:PREPROCESSING:FORCE_PREPROCESS (LT05_L1TP_182035_20010201_20200906_02_T1) (2011),NFCORE_RANGELAND:RANGELAND:PREPROCESSING:FORCE_PREPROCESS (LT05_L1TP_182035_20010201_20200906_02_T1) (2011),1190346,2011
,,0,2024-02-14T11:33:51.680298264Z,2024-03-15T11:33:51.680298264Z,2024-03-14T15:42:52.573212039Z,2740.61,docker_used_memory_mb,NFCORE_RANGELAND:RANGELAND:PREPROCESSING:FORCE_PREPROCESS (LT05_L1TP_182035_20010201_20200906_02_T1) (2011),NFCORE_RANGELAND:RANGELAND:PREPROCESSING:FORCE_PREPROCESS (LT05_L1TP_182035_20010201_20200906_02_T1) (2011),1190346,2011
,,0,2024-02-14T11:33:51.680298264Z,2024-03-15T11:33:51.680298264Z,2024-03-14T15:42:54.573721315Z,2267.36,docker_used_memory_mb,NFCORE_RANGELAND:RANGELAND:PREPROCESSING:FORCE_PREPROCESS (LT05_L1TP_182035_20010201_20200906_02_T1) (2011),NFCORE_RANGELAND:RANGELAND:PREPROCESSING:FORCE_PREPROCESS (LT05_L1TP_182035_20010201_20200906_02_T1) (2011),1190346,2011
,,0,2024-02-14T11:33:51.680298264Z,2024-03-15T11:33:51.680298264Z,2024-03-14T15:42:56.573269409Z,2651.88,docker_used_memory_mb,NFCORE_RANGELAND:RANGELAND:PREPROCESSING:FORCE_PREPROCESS (LT05_L1TP_182035_20010201_20200906_02_T1) (2011),NFCORE_RANGELAND:RANGELAND:PREPROCESSING:FORCE_PREPROCESS (LT05_L1TP_182035_20010201_20200906_02_T1) (2011),1190346,2011
,,0,2024-02-14T11:33:51.680298264Z,2024-03-15T11:33:51.680298264Z,2024-03-14T15:42:58.573711549Z,2267.33,docker_used_memory_mb,NFCORE_RANGELAND:RANGELAND:PREPROCESSING:FORCE_PREPROCESS (LT05_L1TP_182035_20010201_20200906_02_T1) (2011),NFCORE_RANGELAND:RANGELAND:PREPROCESSING:FORCE_PREPROCESS (LT05_L1TP_182035_20010201_20200906_02_T1) (2011),1190346,2011
,,0,2024-02-14T11:33:51.680298264Z,2024-03-15T11:33:51.680298264Z,2024-03-14T15:43:00.573310472Z,2267.34,docker_used_memory_mb,NFCORE_RANGELAND:RANGELAND:PREPROCESSING:FORCE_PREPROCESS (LT05_L1TP_182035_20010201_20200906_02_T1) (2011),NFCORE_RANGELAND:RANGELAND:PREPROCESSING:FORCE_PREPROCESS (LT05_L1TP_182035_20010201_20200906_02_T1) (2011),1190346,2011
,,0,2024-02-14T11:33:51.680298264Z,2024-03-15T11:33:51.680298264Z,2024-03-14T15:43:02.573743789Z,2740.65,docker_used_memory_mb,NFCORE_RANGELAND:RANGELAND:PREPROCESSING:FORCE_PREPROCESS (LT05_L1TP_182035_20010201_20200906_02_T1) (2011),NFCORE_RANGELAND:RANGELAND:PREPROCESSING:FORCE_PREPROCESS (LT05_L1TP_182035_20010201_20200906_02_T1) (2011),1190346,2011
,,0,2024-02-14T11:33:51.680298264Z,2024-03-15T11:33:51.680298264Z,2024-03-14T15:43:04.573325307Z,2179.49,docker_used_memory_mb,NFCORE_RANGELAND:RANGELAND:PREPROCESSING:FORCE_PREPROCESS (LT05_L1TP_182035_20010201_20200906_02_T1) (2011),NFCORE_RANGELAND:RANGELAND:PREPROCESSING:FORCE_PREPROCESS (LT05_L1TP_182035_20010201_20200906_02_T1) (2011),1190346,2011
,,0,2024-02-14T11:33:51.680298264Z,2024-03-15T11:33:51.680298264Z,2024-03-14T15:43:06.573802502Z,4363.8,docker_used_memory_mb,NFCORE_RANGELAND:RANGELAND:PREPROCESSING:FORCE_PREPROCESS (LT05_L1TP_182035_20010201_20200906_02_T1) (2011),NFCORE_RANGELAND:RANGELAND:PREPROCESSING:FORCE_PREPROCESS (LT05_L1TP_182035_20010201_20200906_02_T1) (2011),1190346,2011
,,0,2024-02-14T11:33:51.680298264Z,2024-03-15T11:33:51.680298264Z,2024-03-14T15:43:08.573192021Z,4364.42,docker_used_memory_mb,NFCORE_RANGELAND:RANGELAND:PREPROCESSING:FORCE_PREPROCESS (LT05_L1TP_182035_20010201_20200906_02_T1) (2011),NFCORE_RANGELAND:RANGELAND:PREPROCESSING:FORCE_PREPROCESS (LT05_L1TP_182035_20010201_20200906_02_T1) (2011),1190346,2011
,,0,2024-02-14T11:33:51.680298264Z,2024-03-15T11:33:51.680298264Z,2024-03-14T15:43:10.573640841Z,4364.36,docker_used_memory_mb,NFCORE_RANGELAND:RANGELAND:PREPROCESSING:FORCE_PREPROCESS (LT05_L1TP_182035_20010201_20200906_02_T1) (2011),NFCORE_RANGELAND:RANGELAND:PREPROCESSING:FORCE_PREPROCESS (LT05_L1TP_182035_20010201_20200906_02_T1) (2011),1190346,2011
,,0,2024-02-14T11:33:51.680298264Z,2024-03-15T11:33:51.680298264Z,2024-03-14T15:43:13.57340022Z,4364.15,docker_used_memory_mb,NFCORE_RANGELAND:RANGELAND:PREPROCESSING:FORCE_PREPROCESS (LT05_L1TP_182035_20010201_20200906_02_T1) (2011),NFCORE_RANGELAND:RANGELAND:PREPROCESSING:FORCE_PREPROCESS (LT05_L1TP_182035_20010201_20200906_02_T1) (2011),1190346,2011
,,0,2024-02-14T11:33:51.680298264Z,2024-03-15T11:33:51.680298264Z,2024-03-14T15:43:14.573705931Z,4364.15,docker_used_memory_mb,NFCORE_RANGELAND:RANGELAND:PREPROCESSING:FORCE_PREPROCESS (LT05_L1TP_182035_20010201_20200906_02_T1) (2011),NFCORE_RANGELAND:RANGELAND:PREPROCESSING:FORCE_PREPROCESS (LT05_L1TP_182035_20010201_20200906_02_T1) (2011),1190346,2011
,,0,2024-02-14T11:33:51.680298264Z,2024-03-15T11:33:51.680298264Z,2024-03-14T15:43:16.573152315Z,4364.16,docker_used_memory_mb,NFCORE_RANGELAND:RANGELAND:PREPROCESSING:FORCE_PREPROCESS (LT05_L1TP_182035_20010201_20200906_02_T1) (2011),NFCORE_RANGELAND:RANGELAND:PREPROCESSING:FORCE_PREPROCESS (LT05_L1TP_182035_20010201_20200906_02_T1) (2011),1190346,2011
,,0,2024-02-14T11:33:51.680298264Z,2024-03-15T11:33:51.680298264Z,2024-03-14T15:43:19.573705431Z,4364.16,docker_used_memory_mb,NFCORE_RANGELAND:RANGELAND:PREPROCESSING:FORCE_PREPROCESS (LT05_L1TP_182035_20010201_20200906_02_T1) (2011),NFCORE_RANGELAND:RANGELAND:PREPROCESSING:FORCE_PREPROCESS (LT05_L1TP_182035_20010201_20200906_02_T1) (2011),1190346,2011
,,0,2024-02-14T11:33:51.680298264Z,2024-03-15T11:33:51.680298264Z,2024-03-14T15:43:21.573219163Z,4364.16,docker_used_memory_mb,NFCORE_RANGELAND:RANGELAND:PREPROCESSING:FORCE_PREPROCESS (LT05_L1TP_182035_20010201_20200906_02_T1) (2011),NFCORE_RANGELAND:RANGELAND:PREPROCESSING:FORCE_PREPROCESS (LT05_L1TP_182035_20010201_20200906_02_T1) (2011),1190346,2011
,,0,2024-02-14T11:33:51.680298264Z,2024-03-15T11:33:51.680298264Z,2024-03-14T15:43:23.573630912Z,4364.41,docker_used_memory_mb,NFCORE_RANGELAND:RANGELAND:PREPROCESSING:FORCE_PREPROCESS (LT05_L1TP_182035_20010201_20200906_02_T1) (2011),NFCORE_RANGELAND:RANGELAND:PREPROCESSING:FORCE_PREPROCESS (LT05_L1TP_182035_20010201_20200906_02_T1) (2011),1190346,2011
,,0,2024-02-14T11:33:51.680298264Z,2024-03-15T11:33:51.680298264Z,2024-03-14T15:43:25.573106759Z,4364.41,docker_used_memory_mb,NFCORE_RANGELAND:RANGELAND:PREPROCESSING:FORCE_PREPROCESS (LT05_L1TP_182035_20010201_20200906_02_T1) (2011),NFCORE_RANGELAND:RANGELAND:PREPROCESSING:FORCE_PREPROCESS (LT05_L1TP_182035_20010201_20200906_02_T1) (2011),1190346,2011
,,0,2024-02-14T11:33:51.680298264Z,2024-03-15T11:33:51.680298264Z,2024-03-14T15:43:27.573611177Z,4364.46,docker_used_memory_mb,NFCORE_RANGELAND:RANGELAND:PREPROCESSING:FORCE_PREPROCESS (LT05_L1TP_182035_20010201_20200906_02_T1) (2011),NFCORE_RANGELAND:RANGELAND:PREPROCESSING:FORCE_PREPROCESS (LT05_L1TP_182035_20010201_20200906_02_T1) (2011),1190346,2011
,,0,2024-02-14T11:33:51.680298264Z,2024-03-15T11:33:51.680298264Z,2024-03-14T15:43:29.573238896Z,4364.46,docker_used_memory_mb,NFCORE_RANGELAND:RANGELAND:PREPROCESSING:FORCE_PREPROCESS (LT05_L1TP_182035_20010201_20200906_02_T1) (2011),NFCORE_RANGELAND:RANGELAND:PREPROCESSING:FORCE_PREPROCESS (LT05_L1TP_182035_20010201_20200906_02_T1) (2011),1190346,2011
,,0,2024-02-14T11:33:51.680298264Z,2024-03-15T11:33:51.680298264Z,2024-03-14T15:43:31.573530153Z,4364.46,docker_used_memory_mb,NFCORE_RANGELAND:RANGELAND:PREPROCESSING:FORCE_PREPROCESS (LT05_L1TP_182035_20010201_20200906_02_T1) (2011),NFCORE_RANGELAND:RANGELAND:PREPROCESSING:FORCE_PREPROCESS (LT05_L1TP_182035_20010201_20200906_02_T1) (2011),1190346,2011
,,0,2024-02-14T11:33:51.680298264Z,2024-03-15T11:33:51.680298264Z,2024-03-14T15:43:33.574618155Z,4363.97,docker_used_memory_mb,NFCORE_RANGELAND:RANGELAND:PREPROCESSING:FORCE_PREPROCESS (LT05_L1TP_182035_20010201_20200906_02_T1) (2011),NFCORE_RANGELAND:RANGELAND:PREPROCESSING:FORCE_PREPROCESS (LT05_L1TP_182035_20010201_20200906_02_T1) (2011),1190346,2011
,,0,2024-02-14T11:33:51.680298264Z,2024-03-15T11:33:51.680298264Z,2024-03-14T15:43:35.573251198Z,4363.97,docker_used_memory_mb,NFCORE_RANGELAND:RANGELAND:PREPROCESSING:FORCE_PREPROCESS (LT05_L1TP_182035_20010201_20200906_02_T1) (2011),NFCORE_RANGELAND:RANGELAND:PREPROCESSING:FORCE_PREPROCESS (LT05_L1TP_182035_20010201_20200906_02_T1) (2011),1190346,2011
,,0,2024-02-14T11:33:51.680298264Z,2024-03-15T11:33:51.680298264Z,2024-03-14T15:43:37.573907752Z,4364.04,docker_used_memory_mb,NFCORE_RANGELAND:RANGELAND:PREPROCESSING:FORCE_PREPROCESS (LT05_L1TP_182035_20010201_20200906_02_T1) (2011),NFCORE_RANGELAND:RANGELAND:PREPROCESSING:FORCE_PREPROCESS (LT05_L1TP_182035_20010201_20200906_02_T1) (2011),1190346,2011
,,0,2024-02-14T11:33:51.680298264Z,2024-03-15T11:33:51.680298264Z,2024-03-14T15:43:39.57313765Z,4364.04,docker_used_memory_mb,NFCORE_RANGELAND:RANGELAND:PREPROCESSING:FORCE_PREPROCESS (LT05_L1TP_182035_20010201_20200906_02_T1) (2011),NFCORE_RANGELAND:RANGELAND:PREPROCESSING:FORCE_PREPROCESS (LT05_L1TP_182035_20010201_20200906_02_T1) (2011),1190346,2011
,,0,2024-02-14T11:33:51.680298264Z,2024-03-15T11:33:51.680298264Z,2024-03-14T15:43:41.573753911Z,4364.1,docker_used_memory_mb,NFCORE_RANGELAND:RANGELAND:PREPROCESSING:FORCE_PREPROCESS (LT05_L1TP_182035_20010201_20200906_02_T1) (2011),NFCORE_RANGELAND:RANGELAND:PREPROCESSING:FORCE_PREPROCESS (LT05_L1TP_182035_20010201_20200906_02_T1) (2011),1190346,2011
,,0,2024-02-14T11:33:51.680298264Z,2024-03-15T11:33:51.680298264Z,2024-03-14T15:43:43.57311357Z,4364.06,docker_used_memory_mb,NFCORE_RANGELAND:RANGELAND:PREPROCESSING:FORCE_PREPROCESS (LT05_L1TP_182035_20010201_20200906_02_T1) (2011),NFCORE_RANGELAND:RANGELAND:PREPROCESSING:FORCE_PREPROCESS (LT05_L1TP_182035_20010201_20200906_02_T1) (2011),1190346,2011
,,0,2024-02-14T11:33:51.680298264Z,2024-03-15T11:33:51.680298264Z,2024-03-14T15:43:45.573609843Z,4364.06,docker_used_memory_mb,NFCORE_RANGELAND:RANGELAND:PREPROCESSING:FORCE_PREPROCESS (LT05_L1TP_182035_20010201_20200906_02_T1) (2011),NFCORE_RANGELAND:RANGELAND:PREPROCESSING:FORCE_PREPROCESS (LT05_L1TP_182035_20010201_20200906_02_T1) (2011),1190346,2011
,,0,2024-02-14T11:33:51.680298264Z,2024-03-15T11:33:51.680298264Z,2024-03-14T15:43:47.573048631Z,4364.11,docker_used_memory_mb,NFCORE_RANGELAND:RANGELAND:PREPROCESSING:FORCE_PREPROCESS (LT05_L1TP_182035_20010201_20200906_02_T1) (2011),NFCORE_RANGELAND:RANGELAND:PREPROCESSING:FORCE_PREPROCESS (LT05_L1TP_182035_20010201_20200906_02_T1) (2011),1190346,2011
,,0,2024-02-14T11:33:51.680298264Z,2024-03-15T11:33:51.680298264Z,2024-03-14T15:43:49.57352831Z,4364.11,docker_used_memory_mb,NFCORE_RANGELAND:RANGELAND:PREPROCESSING:FORCE_PREPROCESS (LT05_L1TP_182035_20010201_20200906_02_T1) (2011),NFCORE_RANGELAND:RANGELAND:PREPROCESSING:FORCE_PREPROCESS (LT05_L1TP_182035_20010201_20200906_02_T1) (2011),1190346,2011
,,0,2024-02-14T11:33:51.680298264Z,2024-03-15T11:33:51.680298264Z,2024-03-14T15:43:51.574078501Z,4364.16,docker_used_memory_mb,NFCORE_RANGELAND:RANGELAND:PREPROCESSING:FORCE_PREPROCESS (LT05_L1TP_182035_20010201_20200906_02_T1) (2011),NFCORE_RANGELAND:RANGELAND:PREPROCESSING:FORCE_PREPROCESS (LT05_L1TP_182035_20010201_20200906_02_T1) (2011),1190346,2011
,,0,2024-02-14T11:33:51.680298264Z,2024-03-15T11:33:51.680298264Z,2024-03-14T15:43:53.573613687Z,4364.16,docker_used_memory_mb,NFCORE_RANGELAND:RANGELAND:PREPROCESSING:FORCE_PREPROCESS (LT05_L1TP_182035_20010201_20200906_02_T1) (2011),NFCORE_RANGELAND:RANGELAND:PREPROCESSING:FORCE_PREPROCESS (LT05_L1TP_182035_20010201_20200906_02_T1) (2011),1190346,2011
,,0,2024-02-14T11:33:51.680298264Z,2024-03-15T11:33:51.680298264Z,2024-03-14T15:43:55.574139883Z,4364.16,docker_used_memory_mb,NFCORE_RANGELAND:RANGELAND:PREPROCESSING:FORCE_PREPROCESS (LT05_L1TP_182035_20010201_20200906_02_T1) (2011),NFCORE_RANGELAND:RANGELAND:PREPROCESSING:FORCE_PREPROCESS (LT05_L1TP_182035_20010201_20200906_02_T1) (2011),1190346,2011
,,0,2024-02-14T11:33:51.680298264Z,2024-03-15T11:33:51.680298264Z,2024-03-14T15:43:57.573381158Z,2727,docker_used_memory_mb,NFCORE_RANGELAND:RANGELAND:PREPROCESSING:FORCE_PREPROCESS (LT05_L1TP_182035_20010201_20200906_02_T1) (2011),NFCORE_RANGELAND:RANGELAND:PREPROCESSING:FORCE_PREPROCESS (LT05_L1TP_182035_20010201_20200906_02_T1) (2011),1190346,2011
,,0,2024-02-14T11:33:51.680298264Z,2024-03-15T11:33:51.680298264Z,2024-03-14T15:43:59.574011764Z,2726.99,docker_used_memory_mb,NFCORE_RANGELAND:RANGELAND:PREPROCESSING:FORCE_PREPROCESS (LT05_L1TP_182035_20010201_20200906_02_T1) (2011),NFCORE_RANGELAND:RANGELAND:PREPROCESSING:FORCE_PREPROCESS (LT05_L1TP_182035_20010201_20200906_02_T1) (2011),1190346,2011
,,0,2024-02-14T11:33:51.680298264Z,2024-03-15T11:33:51.680298264Z,2024-03-14T15:44:01.573587676Z,2727.05,docker_used_memory_mb,NFCORE_RANGELAND:RANGELAND:PREPROCESSING:FORCE_PREPROCESS (LT05_L1TP_182035_20010201_20200906_02_T1) (2011),NFCORE_RANGELAND:RANGELAND:PREPROCESSING:FORCE_PREPROCESS (LT05_L1TP_182035_20010201_20200906_02_T1) (2011),1190346,2011
,,0,2024-02-14T11:33:51.680298264Z,2024-03-15T11:33:51.680298264Z,2024-03-14T15:44:03.572900288Z,2727.05,docker_used_memory_mb,NFCORE_RANGELAND:RANGELAND:PREPROCESSING:FORCE_PREPROCESS (LT05_L1TP_182035_20010201_20200906_02_T1) (2011),NFCORE_RANGELAND:RANGELAND:PREPROCESSING:FORCE_PREPROCESS (LT05_L1TP_182035_20010201_20200906_02_T1) (2011),1190346,2011
,,0,2024-02-14T11:33:51.680298264Z,2024-03-15T11:33:51.680298264Z,2024-03-14T15:44:05.57321646Z,2727.05,docker_used_memory_mb,NFCORE_RANGELAND:RANGELAND:PREPROCESSING:FORCE_PREPROCESS (LT05_L1TP_182035_20010201_20200906_02_T1) (2011),NFCORE_RANGELAND:RANGELAND:PREPROCESSING:FORCE_PREPROCESS (LT05_L1TP_182035_20010201_20200906_02_T1) (2011),1190346,2011
,,0,2024-02-14T11:33:51.680298264Z,2024-03-15T11:33:51.680298264Z,2024-03-14T15:44:07.57386235Z,2727.16,docker_used_memory_mb,NFCORE_RANGELAND:RANGELAND:PREPROCESSING:FORCE_PREPROCESS (LT05_L1TP_182035_20010201_20200906_02_T1) (2011),NFCORE_RANGELAND:RANGELAND:PREPROCESSING:FORCE_PREPROCESS (LT05_L1TP_182035_20010201_20200906_02_T1) (2011),1190346,2011
,,0,2024-02-14T11:33:51.680298264Z,2024-03-15T11:33:51.680298264Z,2024-03-14T15:44:09.57357043Z,2727.16,docker_used_memory_mb,NFCORE_RANGELAND:RANGELAND:PREPROCESSING:FORCE_PREPROCESS (LT05_L1TP_182035_20010201_20200906_02_T1) (2011),NFCORE_RANGELAND:RANGELAND:PREPROCESSING:FORCE_PREPROCESS (LT05_L1TP_182035_20010201_20200906_02_T1) (2011),1190346,2011
,,0,2024-02-14T11:33:51.680298264Z,2024-03-15T11:33:51.680298264Z,2024-03-14T15:44:11.574124075Z,2727.43,docker_used_memory_mb,NFCORE_RANGELAND:RANGELAND:PREPROCESSING:FORCE_PREPROCESS (LT05_L1TP_182035_20010201_20200906_02_T1) (2011),NFCORE_RANGELAND:RANGELAND:PREPROCESSING:FORCE_PREPROCESS (LT05_L1TP_182035_20010201_20200906_02_T1) (2011),1190346,2011
,,0,2024-02-14T11:33:51.680298264Z,2024-03-15T11:33:51.680298264Z,2024-03-14T15:44:13.573253704Z,2727.29,docker_used_memory_mb,NFCORE_RANGELAND:RANGELAND:PREPROCESSING:FORCE_PREPROCESS (LT05_L1TP_182035_20010201_20200906_02_T1) (2011),NFCORE_RANGELAND:RANGELAND:PREPROCESSING:FORCE_PREPROCESS (LT05_L1TP_182035_20010201_20200906_02_T1) (2011),1190346,2011
,,0,2024-02-14T11:33:51.680298264Z,2024-03-15T11:33:51.680298264Z,2024-03-14T15:44:15.574095114Z,2727.29,docker_used_memory_mb,NFCORE_RANGELAND:RANGELAND:PREPROCESSING:FORCE_PREPROCESS (LT05_L1TP_182035_20010201_20200906_02_T1) (2011),NFCORE_RANGELAND:RANGELAND:PREPROCESSING:FORCE_PREPROCESS (LT05_L1TP_182035_20010201_20200906_02_T1) (2011),1190346,2011
,,0,2024-02-14T11:33:51.680298264Z,2024-03-15T11:33:51.680298264Z,2024-03-14T15:44:17.573477858Z,2727.48,docker_used_memory_mb,NFCORE_RANGELAND:RANGELAND:PREPROCESSING:FORCE_PREPROCESS (LT05_L1TP_182035_20010201_20200906_02_T1) (2011),NFCORE_RANGELAND:RANGELAND:PREPROCESSING:FORCE_PREPROCESS (LT05_L1TP_182035_20010201_20200906_02_T1) (2011),1190346,2011
,,0,2024-02-14T11:33:51.680298264Z,2024-03-15T11:33:51.680298264Z,2024-03-14T15:44:19.573976925Z,2727.4,docker_used_memory_mb,NFCORE_RANGELAND:RANGELAND:PREPROCESSING:FORCE_PREPROCESS (LT05_L1TP_182035_20010201_20200906_02_T1) (2011),NFCORE_RANGELAND:RANGELAND:PREPROCESSING:FORCE_PREPROCESS (LT05_L1TP_182035_20010201_20200906_02_T1) (2011),1190346,2011
,,0,2024-02-14T11:33:51.680298264Z,2024-03-15T11:33:51.680298264Z,2024-03-14T15:44:21.57350086Z,2727.54,docker_used_memory_mb,NFCORE_RANGELAND:RANGELAND:PREPROCESSING:FORCE_PREPROCESS (LT05_L1TP_182035_20010201_20200906_02_T1) (2011),NFCORE_RANGELAND:RANGELAND:PREPROCESSING:FORCE_PREPROCESS (LT05_L1TP_182035_20010201_20200906_02_T1) (2011),1190346,2011
,,0,2024-02-14T11:33:51.680298264Z,2024-03-15T11:33:51.680298264Z,2024-03-14T15:44:24.573062679Z,2727.48,docker_used_memory_mb,NFCORE_RANGELAND:RANGELAND:PREPROCESSING:FORCE_PREPROCESS (LT05_L1TP_182035_20010201_20200906_02_T1) (2011),NFCORE_RANGELAND:RANGELAND:PREPROCESSING:FORCE_PREPROCESS (LT05_L1TP_182035_20010201_20200906_02_T1) (2011),1190346,2011
,,0,2024-02-14T11:33:51.680298264Z,2024-03-15T11:33:51.680298264Z,2024-03-14T15:44:26.57354347Z,2727.48,docker_used_memory_mb,NFCORE_RANGELAND:RANGELAND:PREPROCESSING:FORCE_PREPROCESS (LT05_L1TP_182035_20010201_20200906_02_T1) (2011),NFCORE_RANGELAND:RANGELAND:PREPROCESSING:FORCE_PREPROCESS (LT05_L1TP_182035_20010201_20200906_02_T1) (2011),1190346,2011
,,0,2024-02-14T11:33:51.680298264Z,2024-03-15T11:33:51.680298264Z,2024-03-14T15:44:28.572986637Z,2727.43,docker_used_memory_mb,NFCORE_RANGELAND:RANGELAND:PREPROCESSING:FORCE_PREPROCESS (LT05_L1TP_182035_20010201_20200906_02_T1) (2011),NFCORE_RANGELAND:RANGELAND:PREPROCESSING:FORCE_PREPROCESS (LT05_L1TP_182035_20010201_20200906_02_T1) (2011),1190346,2011
,,0,2024-02-14T11:33:51.680298264Z,2024-03-15T11:33:51.680298264Z,2024-03-14T15:44:30.57360152Z,2727.34,docker_used_memory_mb,NFCORE_RANGELAND:RANGELAND:PREPROCESSING:FORCE_PREPROCESS (LT05_L1TP_182035_20010201_20200906_02_T1) (2011),NFCORE_RANGELAND:RANGELAND:PREPROCESSING:FORCE_PREPROCESS (LT05_L1TP_182035_20010201_20200906_02_T1) (2011),1190346,2011
,,0,2024-02-14T11:33:51.680298264Z,2024-03-15T11:33:51.680298264Z,2024-03-14T15:44:32.573306472Z,1896.75,docker_used_memory_mb,NFCORE_RANGELAND:RANGELAND:PREPROCESSING:FORCE_PREPROCESS (LT05_L1TP_182035_20010201_20200906_02_T1) (2011),NFCORE_RANGELAND:RANGELAND:PREPROCESSING:FORCE_PREPROCESS (LT05_L1TP_182035_20010201_20200906_02_T1) (2011),1190346,2011
