#datatype,string,long,dateTime:RFC3339,dateTime:RFC3339,dateTime:RFC3339,string,string,string,string,string,string,string
#group,false,false,true,true,false,false,false,false,false,false,false,false
#default,_result,,,,,,,,,,,
,result,table,_start,_stop,_time,_value,_field,_measurement,name,path,pid,tid
,,0,2024-02-15T15:35:28.572953552Z,2024-03-16T15:35:28.572953552Z,2024-03-16T00:04:46.641741327Z,CREATE,file_event,NFCORE_RANGELAND:RANGELAND:PREPROCESSING:FORCE_PREPROCESS (LT05_L1TP_181035_20050410_20200902_02_T1) (3449),NFCORE_RANGELAND:RANGELAND:PREPROCESSING:FORCE_PREPROCESS (LT05_L1TP_181035_20050410_20200902_02_T1) (3449),/home/jfechner/workflows/rangeland/nextflow-run2/work/23/a82c14f085870e21884444569ff9de/level2_ard/X0106_Y0101.lock,3515693,3449
,,0,2024-02-15T15:35:28.572953552Z,2024-03-16T15:35:28.572953552Z,2024-03-16T00:04:46.666686577Z,CREATE,file_event,NFCORE_RANGELAND:RANGELAND:PREPROCESSING:FORCE_PREPROCESS (LT05_L1TP_181035_20050410_20200902_02_T1) (3449),NFCORE_RANGELAND:RANGELAND:PREPROCESSING:FORCE_PREPROCESS (LT05_L1TP_181035_20050410_20200902_02_T1) (3449),/home/jfechner/workflows/rangeland/nextflow-run2/work/23/a82c14f085870e21884444569ff9de/level2_ard/X0106_Y0101,3515693,3449
,,0,2024-02-15T15:35:28.572953552Z,2024-03-16T15:35:28.572953552Z,2024-03-16T00:04:46.66890767Z,CREATE,file_event,NFCORE_RANGELAND:RANGELAND:PREPROCESSING:FORCE_PREPROCESS (LT05_L1TP_181035_20050410_20200902_02_T1) (3449),NFCORE_RANGELAND:RANGELAND:PREPROCESSING:FORCE_PREPROCESS (LT05_L1TP_181035_20050410_20200902_02_T1) (3449),/home/jfechner/workflows/rangeland/nextflow-run2/work/23/a82c14f085870e21884444569ff9de/level2_ard/X0106_Y0101/20050410_LEVEL2_LND05_QAI.tif,3515693,3449
,,0,2024-02-15T15:35:28.572953552Z,2024-03-16T15:35:28.572953552Z,2024-03-16T00:04:46.6719687Z,CREATE,file_event,NFCORE_RANGELAND:RANGELAND:PREPROCESSING:FORCE_PREPROCESS (LT05_L1TP_181035_20050410_20200902_02_T1) (3449),NFCORE_RANGELAND:RANGELAND:PREPROCESSING:FORCE_PREPROCESS (LT05_L1TP_181035_20050410_20200902_02_T1) (3449),/home/jfechner/workflows/rangeland/nextflow-run2/work/23/a82c14f085870e21884444569ff9de/level2_ard/X0106_Y0101/20050410_LEVEL2_LND05_QAI.tif.lock,3515693,3449
,,0,2024-02-15T15:35:28.572953552Z,2024-03-16T15:35:28.572953552Z,2024-03-16T00:04:46.674716311Z,DELETE,file_event,NFCORE_RANGELAND:RANGELAND:PREPROCESSING:FORCE_PREPROCESS (LT05_L1TP_181035_20050410_20200902_02_T1) (3449),NFCORE_RANGELAND:RANGELAND:PREPROCESSING:FORCE_PREPROCESS (LT05_L1TP_181035_20050410_20200902_02_T1) (3449),/home/jfechner/workflows/rangeland/nextflow-run2/work/23/a82c14f085870e21884444569ff9de/level2_ard/X0106_Y0101.lock,3515693,3449
,,0,2024-02-15T15:35:28.572953552Z,2024-03-16T15:35:28.572953552Z,2024-03-16T00:04:46.676690716Z,CREATE,file_event,NFCORE_RANGELAND:RANGELAND:PREPROCESSING:FORCE_PREPROCESS (LT05_L1TP_181035_20050410_20200902_02_T1) (3449),NFCORE_RANGELAND:RANGELAND:PREPROCESSING:FORCE_PREPROCESS (LT05_L1TP_181035_20050410_20200902_02_T1) (3449),/home/jfechner/workflows/rangeland/nextflow-run2/work/23/a82c14f085870e21884444569ff9de/level2_ard/X0106_Y0101/20050410_LEVEL2_LND05_QAI.tif.lock,3515693,3449
,,0,2024-02-15T15:35:28.572953552Z,2024-03-16T15:35:28.572953552Z,2024-03-16T00:04:46.678499295Z,CREATE,file_event,NFCORE_RANGELAND:RANGELAND:PREPROCESSING:FORCE_PREPROCESS (LT05_L1TP_181035_20050410_20200902_02_T1) (3449),NFCORE_RANGELAND:RANGELAND:PREPROCESSING:FORCE_PREPROCESS (LT05_L1TP_181035_20050410_20200902_02_T1) (3449),/home/jfechner/workflows/rangeland/nextflow-run2/work/23/a82c14f085870e21884444569ff9de/level2_ard/X0106_Y0101/20050410_LEVEL2_LND05_QAI.tif,3515693,3449
,,0,2024-02-15T15:35:28.572953552Z,2024-03-16T15:35:28.572953552Z,2024-03-16T00:04:46.680112328Z,DELETE,file_event,NFCORE_RANGELAND:RANGELAND:PREPROCESSING:FORCE_PREPROCESS (LT05_L1TP_181035_20050410_20200902_02_T1) (3449),NFCORE_RANGELAND:RANGELAND:PREPROCESSING:FORCE_PREPROCESS (LT05_L1TP_181035_20050410_20200902_02_T1) (3449),/home/jfechner/workflows/rangeland/nextflow-run2/work/23/a82c14f085870e21884444569ff9de/level2_ard/X0106_Y0101/20050410_LEVEL2_LND05_QAI.tif.lock,3515693,3449
,,0,2024-02-15T15:35:28.572953552Z,2024-03-16T15:35:28.572953552Z,2024-03-16T00:04:46.681878436Z,CREATE,file_event,NFCORE_RANGELAND:RANGELAND:PREPROCESSING:FORCE_PREPROCESS (LT05_L1TP_181035_20050410_20200902_02_T1) (3449),NFCORE_RANGELAND:RANGELAND:PREPROCESSING:FORCE_PREPROCESS (LT05_L1TP_181035_20050410_20200902_02_T1) (3449),/home/jfechner/workflows/rangeland/nextflow-run2/work/23/a82c14f085870e21884444569ff9de/level2_prov/provenance_20240316.csv.lock,3515693,3449
,,0,2024-02-15T15:35:28.572953552Z,2024-03-16T15:35:28.572953552Z,2024-03-16T00:04:46.684088628Z,CREATE,file_event,NFCORE_RANGELAND:RANGELAND:PREPROCESSING:FORCE_PREPROCESS (LT05_L1TP_181035_20050410_20200902_02_T1) (3449),NFCORE_RANGELAND:RANGELAND:PREPROCESSING:FORCE_PREPROCESS (LT05_L1TP_181035_20050410_20200902_02_T1) (3449),/home/jfechner/workflows/rangeland/nextflow-run2/work/23/a82c14f085870e21884444569ff9de/level2_prov/provenance_20240316.csv,3515693,3449
,,0,2024-02-15T15:35:28.572953552Z,2024-03-16T15:35:28.572953552Z,2024-03-16T00:04:46.68625849Z,DELETE,file_event,NFCORE_RANGELAND:RANGELAND:PREPROCESSING:FORCE_PREPROCESS (LT05_L1TP_181035_20050410_20200902_02_T1) (3449),NFCORE_RANGELAND:RANGELAND:PREPROCESSING:FORCE_PREPROCESS (LT05_L1TP_181035_20050410_20200902_02_T1) (3449),/home/jfechner/workflows/rangeland/nextflow-run2/work/23/a82c14f085870e21884444569ff9de/level2_prov/provenance_20240316.csv.lock,3515693,3449
,,0,2024-02-15T15:35:28.572953552Z,2024-03-16T15:35:28.572953552Z,2024-03-16T00:04:46.687970426Z,CREATE,file_event,NFCORE_RANGELAND:RANGELAND:PREPROCESSING:FORCE_PREPROCESS (LT05_L1TP_181035_20050410_20200902_02_T1) (3449),NFCORE_RANGELAND:RANGELAND:PREPROCESSING:FORCE_PREPROCESS (LT05_L1TP_181035_20050410_20200902_02_T1) (3449),/home/jfechner/workflows/rangeland/nextflow-run2/work/23/a82c14f085870e21884444569ff9de/level2_ard/X0106_Y0101.lock,3515693,3449
,,0,2024-02-15T15:35:28.572953552Z,2024-03-16T15:35:28.572953552Z,2024-03-16T00:04:46.690266532Z,DELETE,file_event,NFCORE_RANGELAND:RANGELAND:PREPROCESSING:FORCE_PREPROCESS (LT05_L1TP_181035_20050410_20200902_02_T1) (3449),NFCORE_RANGELAND:RANGELAND:PREPROCESSING:FORCE_PREPROCESS (LT05_L1TP_181035_20050410_20200902_02_T1) (3449),/home/jfechner/workflows/rangeland/nextflow-run2/work/23/a82c14f085870e21884444569ff9de/level2_ard/X0106_Y0101.lock,3515693,3449
,,0,2024-02-15T15:35:28.572953552Z,2024-03-16T15:35:28.572953552Z,2024-03-16T00:04:46.692915639Z,CREATE,file_event,NFCORE_RANGELAND:RANGELAND:PREPROCESSING:FORCE_PREPROCESS (LT05_L1TP_181035_20050410_20200902_02_T1) (3449),NFCORE_RANGELAND:RANGELAND:PREPROCESSING:FORCE_PREPROCESS (LT05_L1TP_181035_20050410_20200902_02_T1) (3449),/home/jfechner/workflows/rangeland/nextflow-run2/work/23/a82c14f085870e21884444569ff9de/level2_ard/X0106_Y0101/20050410_LEVEL2_LND05_BOA.tif.lock,3515693,3449
,,0,2024-02-15T15:35:28.572953552Z,2024-03-16T15:35:28.572953552Z,2024-03-16T00:04:46.696151545Z,CREATE,file_event,NFCORE_RANGELAND:RANGELAND:PREPROCESSING:FORCE_PREPROCESS (LT05_L1TP_181035_20050410_20200902_02_T1) (3449),NFCORE_RANGELAND:RANGELAND:PREPROCESSING:FORCE_PREPROCESS (LT05_L1TP_181035_20050410_20200902_02_T1) (3449),/home/jfechner/workflows/rangeland/nextflow-run2/work/23/a82c14f085870e21884444569ff9de/level2_ard/X0106_Y0101/20050410_LEVEL2_LND05_BOA.tif,3515693,3449
,,0,2024-02-15T15:35:28.572953552Z,2024-03-16T15:35:28.572953552Z,2024-03-16T00:04:46.698940227Z,DELETE,file_event,NFCORE_RANGELAND:RANGELAND:PREPROCESSING:FORCE_PREPROCESS (LT05_L1TP_181035_20050410_20200902_02_T1) (3449),NFCORE_RANGELAND:RANGELAND:PREPROCESSING:FORCE_PREPROCESS (LT05_L1TP_181035_20050410_20200902_02_T1) (3449),/home/jfechner/workflows/rangeland/nextflow-run2/work/23/a82c14f085870e21884444569ff9de/level2_ard/X0106_Y0101/20050410_LEVEL2_LND05_BOA.tif.lock,3515693,3449
,,0,2024-02-15T15:35:28.572953552Z,2024-03-16T15:35:28.572953552Z,2024-03-16T00:04:46.700898001Z,CREATE,file_event,NFCORE_RANGELAND:RANGELAND:PREPROCESSING:FORCE_PREPROCESS (LT05_L1TP_181035_20050410_20200902_02_T1) (3449),NFCORE_RANGELAND:RANGELAND:PREPROCESSING:FORCE_PREPROCESS (LT05_L1TP_181035_20050410_20200902_02_T1) (3449),/home/jfechner/workflows/rangeland/nextflow-run2/work/23/a82c14f085870e21884444569ff9de/level2_prov/provenance_20240316.csv.lock,3515693,3449
,,0,2024-02-15T15:35:28.572953552Z,2024-03-16T15:35:28.572953552Z,2024-03-16T00:04:46.702747062Z,DELETE,file_event,NFCORE_RANGELAND:RANGELAND:PREPROCESSING:FORCE_PREPROCESS (LT05_L1TP_181035_20050410_20200902_02_T1) (3449),NFCORE_RANGELAND:RANGELAND:PREPROCESSING:FORCE_PREPROCESS (LT05_L1TP_181035_20050410_20200902_02_T1) (3449),/home/jfechner/workflows/rangeland/nextflow-run2/work/23/a82c14f085870e21884444569ff9de/level2_prov/provenance_20240316.csv.lock,3515693,3449
,,0,2024-02-15T15:35:28.572953552Z,2024-03-16T15:35:28.572953552Z,2024-03-16T00:04:46.704669595Z,CREATE,file_event,NFCORE_RANGELAND:RANGELAND:PREPROCESSING:FORCE_PREPROCESS (LT05_L1TP_181035_20050410_20200902_02_T1) (3449),NFCORE_RANGELAND:RANGELAND:PREPROCESSING:FORCE_PREPROCESS (LT05_L1TP_181035_20050410_20200902_02_T1) (3449),/home/jfechner/workflows/rangeland/nextflow-run2/work/23/a82c14f085870e21884444569ff9de/level2_ard/X0106_Y0101.lock,3515693,3449
,,0,2024-02-15T15:35:28.572953552Z,2024-03-16T15:35:28.572953552Z,2024-03-16T00:04:46.706627049Z,DELETE,file_event,NFCORE_RANGELAND:RANGELAND:PREPROCESSING:FORCE_PREPROCESS (LT05_L1TP_181035_20050410_20200902_02_T1) (3449),NFCORE_RANGELAND:RANGELAND:PREPROCESSING:FORCE_PREPROCESS (LT05_L1TP_181035_20050410_20200902_02_T1) (3449),/home/jfechner/workflows/rangeland/nextflow-run2/work/23/a82c14f085870e21884444569ff9de/level2_ard/X0106_Y0101.lock,3515693,3449
,,0,2024-02-15T15:35:28.572953552Z,2024-03-16T15:35:28.572953552Z,2024-03-16T00:04:46.708338906Z,CREATE,file_event,NFCORE_RANGELAND:RANGELAND:PREPROCESSING:FORCE_PREPROCESS (LT05_L1TP_181035_20050410_20200902_02_T1) (3449),NFCORE_RANGELAND:RANGELAND:PREPROCESSING:FORCE_PREPROCESS (LT05_L1TP_181035_20050410_20200902_02_T1) (3449),/home/jfechner/workflows/rangeland/nextflow-run2/work/23/a82c14f085870e21884444569ff9de/level2_ard/X0106_Y0101/20050410_LEVEL2_LND05_OVV.jpg.lock,3515693,3449
,,0,2024-02-15T15:35:28.572953552Z,2024-03-16T15:35:28.572953552Z,2024-03-16T00:04:46.711177909Z,CREATE,file_event,NFCORE_RANGELAND:RANGELAND:PREPROCESSING:FORCE_PREPROCESS (LT05_L1TP_181035_20050410_20200902_02_T1) (3449),NFCORE_RANGELAND:RANGELAND:PREPROCESSING:FORCE_PREPROCESS (LT05_L1TP_181035_20050410_20200902_02_T1) (3449),/home/jfechner/workflows/rangeland/nextflow-run2/work/23/a82c14f085870e21884444569ff9de/level2_ard/X0106_Y0101/20050410_LEVEL2_LND05_OVV.jpg,3515693,3449
,,0,2024-02-15T15:35:28.572953552Z,2024-03-16T15:35:28.572953552Z,2024-03-16T00:04:46.714417866Z,DELETE,file_event,NFCORE_RANGELAND:RANGELAND:PREPROCESSING:FORCE_PREPROCESS (LT05_L1TP_181035_20050410_20200902_02_T1) (3449),NFCORE_RANGELAND:RANGELAND:PREPROCESSING:FORCE_PREPROCESS (LT05_L1TP_181035_20050410_20200902_02_T1) (3449),/home/jfechner/workflows/rangeland/nextflow-run2/work/23/a82c14f085870e21884444569ff9de/level2_ard/X0106_Y0101/20050410_LEVEL2_LND05_OVV.jpg.lock,3515693,3449
,,0,2024-02-15T15:35:28.572953552Z,2024-03-16T15:35:28.572953552Z,2024-03-16T00:04:46.716934848Z,CREATE,file_event,NFCORE_RANGELAND:RANGELAND:PREPROCESSING:FORCE_PREPROCESS (LT05_L1TP_181035_20050410_20200902_02_T1) (3449),NFCORE_RANGELAND:RANGELAND:PREPROCESSING:FORCE_PREPROCESS (LT05_L1TP_181035_20050410_20200902_02_T1) (3449),/home/jfechner/workflows/rangeland/nextflow-run2/work/23/a82c14f085870e21884444569ff9de/level2_prov/provenance_20240316.csv.lock,3515693,3449
,,0,2024-02-15T15:35:28.572953552Z,2024-03-16T15:35:28.572953552Z,2024-03-16T00:04:46.71910914Z,DELETE,file_event,NFCORE_RANGELAND:RANGELAND:PREPROCESSING:FORCE_PREPROCESS (LT05_L1TP_181035_20050410_20200902_02_T1) (3449),NFCORE_RANGELAND:RANGELAND:PREPROCESSING:FORCE_PREPROCESS (LT05_L1TP_181035_20050410_20200902_02_T1) (3449),/home/jfechner/workflows/rangeland/nextflow-run2/work/23/a82c14f085870e21884444569ff9de/level2_prov/provenance_20240316.csv.lock,3515693,3449
,,0,2024-02-15T15:35:28.572953552Z,2024-03-16T15:35:28.572953552Z,2024-03-16T00:04:46.737167633Z,CREATE,file_event,NFCORE_RANGELAND:RANGELAND:PREPROCESSING:FORCE_PREPROCESS (LT05_L1TP_181035_20050410_20200902_02_T1) (3449),NFCORE_RANGELAND:RANGELAND:PREPROCESSING:FORCE_PREPROCESS (LT05_L1TP_181035_20050410_20200902_02_T1) (3449),/home/jfechner/workflows/rangeland/nextflow-run2/work/23/a82c14f085870e21884444569ff9de/level2_ard/X0107_Y0101.lock,3515693,3449
,,0,2024-02-15T15:35:28.572953552Z,2024-03-16T15:35:28.572953552Z,2024-03-16T00:04:46.740930787Z,CREATE,file_event,NFCORE_RANGELAND:RANGELAND:PREPROCESSING:FORCE_PREPROCESS (LT05_L1TP_181035_20050410_20200902_02_T1) (3449),NFCORE_RANGELAND:RANGELAND:PREPROCESSING:FORCE_PREPROCESS (LT05_L1TP_181035_20050410_20200902_02_T1) (3449),/home/jfechner/workflows/rangeland/nextflow-run2/work/23/a82c14f085870e21884444569ff9de/level2_ard/X0107_Y0101,3515693,3449
,,0,2024-02-15T15:35:28.572953552Z,2024-03-16T15:35:28.572953552Z,2024-03-16T00:04:46.744551466Z,CREATE,file_event,NFCORE_RANGELAND:RANGELAND:PREPROCESSING:FORCE_PREPROCESS (LT05_L1TP_181035_20050410_20200902_02_T1) (3449),NFCORE_RANGELAND:RANGELAND:PREPROCESSING:FORCE_PREPROCESS (LT05_L1TP_181035_20050410_20200902_02_T1) (3449),/home/jfechner/workflows/rangeland/nextflow-run2/work/23/a82c14f085870e21884444569ff9de/level2_ard/X0107_Y0101/20050410_LEVEL2_LND05_QAI.tif,3515693,3449
,,0,2024-02-15T15:35:28.572953552Z,2024-03-16T15:35:28.572953552Z,2024-03-16T00:04:46.74741274Z,CREATE,file_event,NFCORE_RANGELAND:RANGELAND:PREPROCESSING:FORCE_PREPROCESS (LT05_L1TP_181035_20050410_20200902_02_T1) (3449),NFCORE_RANGELAND:RANGELAND:PREPROCESSING:FORCE_PREPROCESS (LT05_L1TP_181035_20050410_20200902_02_T1) (3449),/home/jfechner/workflows/rangeland/nextflow-run2/work/23/a82c14f085870e21884444569ff9de/level2_ard/X0107_Y0101/20050410_LEVEL2_LND05_QAI.tif.lock,3515693,3449
,,0,2024-02-15T15:35:28.572953552Z,2024-03-16T15:35:28.572953552Z,2024-03-16T00:04:46.749981364Z,DELETE,file_event,NFCORE_RANGELAND:RANGELAND:PREPROCESSING:FORCE_PREPROCESS (LT05_L1TP_181035_20050410_20200902_02_T1) (3449),NFCORE_RANGELAND:RANGELAND:PREPROCESSING:FORCE_PREPROCESS (LT05_L1TP_181035_20050410_20200902_02_T1) (3449),/home/jfechner/workflows/rangeland/nextflow-run2/work/23/a82c14f085870e21884444569ff9de/level2_ard/X0107_Y0101.lock,3515693,3449
,,0,2024-02-15T15:35:28.572953552Z,2024-03-16T15:35:28.572953552Z,2024-03-16T00:04:46.751650289Z,CREATE,file_event,NFCORE_RANGELAND:RANGELAND:PREPROCESSING:FORCE_PREPROCESS (LT05_L1TP_181035_20050410_20200902_02_T1) (3449),NFCORE_RANGELAND:RANGELAND:PREPROCESSING:FORCE_PREPROCESS (LT05_L1TP_181035_20050410_20200902_02_T1) (3449),/home/jfechner/workflows/rangeland/nextflow-run2/work/23/a82c14f085870e21884444569ff9de/level2_ard/X0107_Y0101/20050410_LEVEL2_LND05_QAI.tif,3515693,3449
,,0,2024-02-15T15:35:28.572953552Z,2024-03-16T15:35:28.572953552Z,2024-03-16T00:04:46.753328664Z,DELETE,file_event,NFCORE_RANGELAND:RANGELAND:PREPROCESSING:FORCE_PREPROCESS (LT05_L1TP_181035_20050410_20200902_02_T1) (3449),NFCORE_RANGELAND:RANGELAND:PREPROCESSING:FORCE_PREPROCESS (LT05_L1TP_181035_20050410_20200902_02_T1) (3449),/home/jfechner/workflows/rangeland/nextflow-run2/work/23/a82c14f085870e21884444569ff9de/level2_ard/X0107_Y0101/20050410_LEVEL2_LND05_QAI.tif.lock,3515693,3449
,,0,2024-02-15T15:35:28.572953552Z,2024-03-16T15:35:28.572953552Z,2024-03-16T00:04:46.75501944Z,CREATE,file_event,NFCORE_RANGELAND:RANGELAND:PREPROCESSING:FORCE_PREPROCESS (LT05_L1TP_181035_20050410_20200902_02_T1) (3449),NFCORE_RANGELAND:RANGELAND:PREPROCESSING:FORCE_PREPROCESS (LT05_L1TP_181035_20050410_20200902_02_T1) (3449),/home/jfechner/workflows/rangeland/nextflow-run2/work/23/a82c14f085870e21884444569ff9de/level2_prov/provenance_20240316.csv.lock,3515693,3449
,,0,2024-02-15T15:35:28.572953552Z,2024-03-16T15:35:28.572953552Z,2024-03-16T00:04:46.756973694Z,DELETE,file_event,NFCORE_RANGELAND:RANGELAND:PREPROCESSING:FORCE_PREPROCESS (LT05_L1TP_181035_20050410_20200902_02_T1) (3449),NFCORE_RANGELAND:RANGELAND:PREPROCESSING:FORCE_PREPROCESS (LT05_L1TP_181035_20050410_20200902_02_T1) (3449),/home/jfechner/workflows/rangeland/nextflow-run2/work/23/a82c14f085870e21884444569ff9de/level2_prov/provenance_20240316.csv.lock,3515693,3449
,,0,2024-02-15T15:35:28.572953552Z,2024-03-16T15:35:28.572953552Z,2024-03-16T00:04:46.75927508Z,CREATE,file_event,NFCORE_RANGELAND:RANGELAND:PREPROCESSING:FORCE_PREPROCESS (LT05_L1TP_181035_20050410_20200902_02_T1) (3449),NFCORE_RANGELAND:RANGELAND:PREPROCESSING:FORCE_PREPROCESS (LT05_L1TP_181035_20050410_20200902_02_T1) (3449),/home/jfechner/workflows/rangeland/nextflow-run2/work/23/a82c14f085870e21884444569ff9de/level2_ard/X0107_Y0101.lock,3515693,3449
,,0,2024-02-15T15:35:28.572953552Z,2024-03-16T15:35:28.572953552Z,2024-03-16T00:04:46.761612696Z,DELETE,file_event,NFCORE_RANGELAND:RANGELAND:PREPROCESSING:FORCE_PREPROCESS (LT05_L1TP_181035_20050410_20200902_02_T1) (3449),NFCORE_RANGELAND:RANGELAND:PREPROCESSING:FORCE_PREPROCESS (LT05_L1TP_181035_20050410_20200902_02_T1) (3449),/home/jfechner/workflows/rangeland/nextflow-run2/work/23/a82c14f085870e21884444569ff9de/level2_ard/X0107_Y0101.lock,3515693,3449
,,0,2024-02-15T15:35:28.572953552Z,2024-03-16T15:35:28.572953552Z,2024-03-16T00:04:46.763780328Z,CREATE,file_event,NFCORE_RANGELAND:RANGELAND:PREPROCESSING:FORCE_PREPROCESS (LT05_L1TP_181035_20050410_20200902_02_T1) (3449),NFCORE_RANGELAND:RANGELAND:PREPROCESSING:FORCE_PREPROCESS (LT05_L1TP_181035_20050410_20200902_02_T1) (3449),/home/jfechner/workflows/rangeland/nextflow-run2/work/23/a82c14f085870e21884444569ff9de/level2_ard/X0107_Y0101/20050410_LEVEL2_LND05_BOA.tif.lock,3515693,3449
,,0,2024-02-15T15:35:28.572953552Z,2024-03-16T15:35:28.572953552Z,2024-03-16T00:04:46.767632064Z,CREATE,file_event,NFCORE_RANGELAND:RANGELAND:PREPROCESSING:FORCE_PREPROCESS (LT05_L1TP_181035_20050410_20200902_02_T1) (3449),NFCORE_RANGELAND:RANGELAND:PREPROCESSING:FORCE_PREPROCESS (LT05_L1TP_181035_20050410_20200902_02_T1) (3449),/home/jfechner/workflows/rangeland/nextflow-run2/work/23/a82c14f085870e21884444569ff9de/level2_ard/X0107_Y0101/20050410_LEVEL2_LND05_BOA.tif,3515693,3449
,,0,2024-02-15T15:35:28.572953552Z,2024-03-16T15:35:28.572953552Z,2024-03-16T00:04:46.781259932Z,DELETE,file_event,NFCORE_RANGELAND:RANGELAND:PREPROCESSING:FORCE_PREPROCESS (LT05_L1TP_181035_20050410_20200902_02_T1) (3449),NFCORE_RANGELAND:RANGELAND:PREPROCESSING:FORCE_PREPROCESS (LT05_L1TP_181035_20050410_20200902_02_T1) (3449),/home/jfechner/workflows/rangeland/nextflow-run2/work/23/a82c14f085870e21884444569ff9de/level2_ard/X0107_Y0101/20050410_LEVEL2_LND05_BOA.tif.lock,3515693,3449
,,0,2024-02-15T15:35:28.572953552Z,2024-03-16T15:35:28.572953552Z,2024-03-16T00:04:46.784199379Z,CREATE,file_event,NFCORE_RANGELAND:RANGELAND:PREPROCESSING:FORCE_PREPROCESS (LT05_L1TP_181035_20050410_20200902_02_T1) (3449),NFCORE_RANGELAND:RANGELAND:PREPROCESSING:FORCE_PREPROCESS (LT05_L1TP_181035_20050410_20200902_02_T1) (3449),/home/jfechner/workflows/rangeland/nextflow-run2/work/23/a82c14f085870e21884444569ff9de/level2_prov/provenance_20240316.csv.lock,3515693,3449
,,0,2024-02-15T15:35:28.572953552Z,2024-03-16T15:35:28.572953552Z,2024-03-16T00:04:46.786344369Z,DELETE,file_event,NFCORE_RANGELAND:RANGELAND:PREPROCESSING:FORCE_PREPROCESS (LT05_L1TP_181035_20050410_20200902_02_T1) (3449),NFCORE_RANGELAND:RANGELAND:PREPROCESSING:FORCE_PREPROCESS (LT05_L1TP_181035_20050410_20200902_02_T1) (3449),/home/jfechner/workflows/rangeland/nextflow-run2/work/23/a82c14f085870e21884444569ff9de/level2_prov/provenance_20240316.csv.lock,3515693,3449
,,0,2024-02-15T15:35:28.572953552Z,2024-03-16T15:35:28.572953552Z,2024-03-16T00:04:46.7885061Z,CREATE,file_event,NFCORE_RANGELAND:RANGELAND:PREPROCESSING:FORCE_PREPROCESS (LT05_L1TP_181035_20050410_20200902_02_T1) (3449),NFCORE_RANGELAND:RANGELAND:PREPROCESSING:FORCE_PREPROCESS (LT05_L1TP_181035_20050410_20200902_02_T1) (3449),/home/jfechner/workflows/rangeland/nextflow-run2/work/23/a82c14f085870e21884444569ff9de/level2_ard/X0107_Y0101.lock,3515693,3449
,,0,2024-02-15T15:35:28.572953552Z,2024-03-16T15:35:28.572953552Z,2024-03-16T00:04:46.790741244Z,DELETE,file_event,NFCORE_RANGELAND:RANGELAND:PREPROCESSING:FORCE_PREPROCESS (LT05_L1TP_181035_20050410_20200902_02_T1) (3449),NFCORE_RANGELAND:RANGELAND:PREPROCESSING:FORCE_PREPROCESS (LT05_L1TP_181035_20050410_20200902_02_T1) (3449),/home/jfechner/workflows/rangeland/nextflow-run2/work/23/a82c14f085870e21884444569ff9de/level2_ard/X0107_Y0101.lock,3515693,3449
,,0,2024-02-15T15:35:28.572953552Z,2024-03-16T15:35:28.572953552Z,2024-03-16T00:04:46.792686278Z,CREATE,file_event,NFCORE_RANGELAND:RANGELAND:PREPROCESSING:FORCE_PREPROCESS (LT05_L1TP_181035_20050410_20200902_02_T1) (3449),NFCORE_RANGELAND:RANGELAND:PREPROCESSING:FORCE_PREPROCESS (LT05_L1TP_181035_20050410_20200902_02_T1) (3449),/home/jfechner/workflows/rangeland/nextflow-run2/work/23/a82c14f085870e21884444569ff9de/level2_ard/X0107_Y0101/20050410_LEVEL2_LND05_OVV.jpg.lock,3515693,3449
,,0,2024-02-15T15:35:28.572953552Z,2024-03-16T15:35:28.572953552Z,2024-03-16T00:04:46.795203461Z,CREATE,file_event,NFCORE_RANGELAND:RANGELAND:PREPROCESSING:FORCE_PREPROCESS (LT05_L1TP_181035_20050410_20200902_02_T1) (3449),NFCORE_RANGELAND:RANGELAND:PREPROCESSING:FORCE_PREPROCESS (LT05_L1TP_181035_20050410_20200902_02_T1) (3449),/home/jfechner/workflows/rangeland/nextflow-run2/work/23/a82c14f085870e21884444569ff9de/level2_ard/X0107_Y0101/20050410_LEVEL2_LND05_OVV.jpg,3515693,3449
,,0,2024-02-15T15:35:28.572953552Z,2024-03-16T15:35:28.572953552Z,2024-03-16T00:04:46.797751805Z,DELETE,file_event,NFCORE_RANGELAND:RANGELAND:PREPROCESSING:FORCE_PREPROCESS (LT05_L1TP_181035_20050410_20200902_02_T1) (3449),NFCORE_RANGELAND:RANGELAND:PREPROCESSING:FORCE_PREPROCESS (LT05_L1TP_181035_20050410_20200902_02_T1) (3449),/home/jfechner/workflows/rangeland/nextflow-run2/work/23/a82c14f085870e21884444569ff9de/level2_ard/X0107_Y0101/20050410_LEVEL2_LND05_OVV.jpg.lock,3515693,3449
,,0,2024-02-15T15:35:28.572953552Z,2024-03-16T15:35:28.572953552Z,2024-03-16T00:04:46.80065296Z,CREATE,file_event,NFCORE_RANGELAND:RANGELAND:PREPROCESSING:FORCE_PREPROCESS (LT05_L1TP_181035_20050410_20200902_02_T1) (3449),NFCORE_RANGELAND:RANGELAND:PREPROCESSING:FORCE_PREPROCESS (LT05_L1TP_181035_20050410_20200902_02_T1) (3449),/home/jfechner/workflows/rangeland/nextflow-run2/work/23/a82c14f085870e21884444569ff9de/level2_prov/provenance_20240316.csv.lock,3515693,3449
,,0,2024-02-15T15:35:28.572953552Z,2024-03-16T15:35:28.572953552Z,2024-03-16T00:04:46.802976166Z,DELETE,file_event,NFCORE_RANGELAND:RANGELAND:PREPROCESSING:FORCE_PREPROCESS (LT05_L1TP_181035_20050410_20200902_02_T1) (3449),NFCORE_RANGELAND:RANGELAND:PREPROCESSING:FORCE_PREPROCESS (LT05_L1TP_181035_20050410_20200902_02_T1) (3449),/home/jfechner/workflows/rangeland/nextflow-run2/work/23/a82c14f085870e21884444569ff9de/level2_prov/provenance_20240316.csv.lock,3515693,3449
,,0,2024-02-15T15:35:28.572953552Z,2024-03-16T15:35:28.572953552Z,2024-03-16T00:04:46.821430132Z,CREATE,file_event,NFCORE_RANGELAND:RANGELAND:PREPROCESSING:FORCE_PREPROCESS (LT05_L1TP_181035_20050410_20200902_02_T1) (3449),NFCORE_RANGELAND:RANGELAND:PREPROCESSING:FORCE_PREPROCESS (LT05_L1TP_181035_20050410_20200902_02_T1) (3449),/home/jfechner/workflows/rangeland/nextflow-run2/work/23/a82c14f085870e21884444569ff9de/level2_ard/X0108_Y0101.lock,3515693,3449
,,0,2024-02-15T15:35:28.572953552Z,2024-03-16T15:35:28.572953552Z,2024-03-16T00:04:46.824469602Z,CREATE,file_event,NFCORE_RANGELAND:RANGELAND:PREPROCESSING:FORCE_PREPROCESS (LT05_L1TP_181035_20050410_20200902_02_T1) (3449),NFCORE_RANGELAND:RANGELAND:PREPROCESSING:FORCE_PREPROCESS (LT05_L1TP_181035_20050410_20200902_02_T1) (3449),/home/jfechner/workflows/rangeland/nextflow-run2/work/23/a82c14f085870e21884444569ff9de/level2_ard/X0108_Y0101,3515693,3449
,,0,2024-02-15T15:35:28.572953552Z,2024-03-16T15:35:28.572953552Z,2024-03-16T00:04:46.82745182Z,CREATE,file_event,NFCORE_RANGELAND:RANGELAND:PREPROCESSING:FORCE_PREPROCESS (LT05_L1TP_181035_20050410_20200902_02_T1) (3449),NFCORE_RANGELAND:RANGELAND:PREPROCESSING:FORCE_PREPROCESS (LT05_L1TP_181035_20050410_20200902_02_T1) (3449),/home/jfechner/workflows/rangeland/nextflow-run2/work/23/a82c14f085870e21884444569ff9de/level2_ard/X0108_Y0101/20050410_LEVEL2_LND05_QAI.tif,3515693,3449
,,0,2024-02-15T15:35:28.572953552Z,2024-03-16T15:35:28.572953552Z,2024-03-16T00:04:46.829885731Z,CREATE,file_event,NFCORE_RANGELAND:RANGELAND:PREPROCESSING:FORCE_PREPROCESS (LT05_L1TP_181035_20050410_20200902_02_T1) (3449),NFCORE_RANGELAND:RANGELAND:PREPROCESSING:FORCE_PREPROCESS (LT05_L1TP_181035_20050410_20200902_02_T1) (3449),/home/jfechner/workflows/rangeland/nextflow-run2/work/23/a82c14f085870e21884444569ff9de/level2_ard/X0108_Y0101/20050410_LEVEL2_LND05_QAI.tif.lock,3515693,3449
,,0,2024-02-15T15:35:28.572953552Z,2024-03-16T15:35:28.572953552Z,2024-03-16T00:04:46.832415624Z,DELETE,file_event,NFCORE_RANGELAND:RANGELAND:PREPROCESSING:FORCE_PREPROCESS (LT05_L1TP_181035_20050410_20200902_02_T1) (3449),NFCORE_RANGELAND:RANGELAND:PREPROCESSING:FORCE_PREPROCESS (LT05_L1TP_181035_20050410_20200902_02_T1) (3449),/home/jfechner/workflows/rangeland/nextflow-run2/work/23/a82c14f085870e21884444569ff9de/level2_ard/X0108_Y0101.lock,3515693,3449
,,0,2024-02-15T15:35:28.572953552Z,2024-03-16T15:35:28.572953552Z,2024-03-16T00:04:46.834288755Z,CREATE,file_event,NFCORE_RANGELAND:RANGELAND:PREPROCESSING:FORCE_PREPROCESS (LT05_L1TP_181035_20050410_20200902_02_T1) (3449),NFCORE_RANGELAND:RANGELAND:PREPROCESSING:FORCE_PREPROCESS (LT05_L1TP_181035_20050410_20200902_02_T1) (3449),/home/jfechner/workflows/rangeland/nextflow-run2/work/23/a82c14f085870e21884444569ff9de/level2_ard/X0108_Y0101/20050410_LEVEL2_LND05_QAI.tif,3515693,3449
,,0,2024-02-15T15:35:28.572953552Z,2024-03-16T15:35:28.572953552Z,2024-03-16T00:04:46.836030923Z,DELETE,file_event,NFCORE_RANGELAND:RANGELAND:PREPROCESSING:FORCE_PREPROCESS (LT05_L1TP_181035_20050410_20200902_02_T1) (3449),NFCORE_RANGELAND:RANGELAND:PREPROCESSING:FORCE_PREPROCESS (LT05_L1TP_181035_20050410_20200902_02_T1) (3449),/home/jfechner/workflows/rangeland/nextflow-run2/work/23/a82c14f085870e21884444569ff9de/level2_ard/X0108_Y0101/20050410_LEVEL2_LND05_QAI.tif.lock,3515693,3449
,,0,2024-02-15T15:35:28.572953552Z,2024-03-16T15:35:28.572953552Z,2024-03-16T00:04:46.837714918Z,CREATE,file_event,NFCORE_RANGELAND:RANGELAND:PREPROCESSING:FORCE_PREPROCESS (LT05_L1TP_181035_20050410_20200902_02_T1) (3449),NFCORE_RANGELAND:RANGELAND:PREPROCESSING:FORCE_PREPROCESS (LT05_L1TP_181035_20050410_20200902_02_T1) (3449),/home/jfechner/workflows/rangeland/nextflow-run2/work/23/a82c14f085870e21884444569ff9de/level2_prov/provenance_20240316.csv.lock,3515693,3449
,,0,2024-02-15T15:35:28.572953552Z,2024-03-16T15:35:28.572953552Z,2024-03-16T00:04:46.839404633Z,DELETE,file_event,NFCORE_RANGELAND:RANGELAND:PREPROCESSING:FORCE_PREPROCESS (LT05_L1TP_181035_20050410_20200902_02_T1) (3449),NFCORE_RANGELAND:RANGELAND:PREPROCESSING:FORCE_PREPROCESS (LT05_L1TP_181035_20050410_20200902_02_T1) (3449),/home/jfechner/workflows/rangeland/nextflow-run2/work/23/a82c14f085870e21884444569ff9de/level2_prov/provenance_20240316.csv.lock,3515693,3449
,,0,2024-02-15T15:35:28.572953552Z,2024-03-16T15:35:28.572953552Z,2024-03-16T00:04:46.841101199Z,CREATE,file_event,NFCORE_RANGELAND:RANGELAND:PREPROCESSING:FORCE_PREPROCESS (LT05_L1TP_181035_20050410_20200902_02_T1) (3449),NFCORE_RANGELAND:RANGELAND:PREPROCESSING:FORCE_PREPROCESS (LT05_L1TP_181035_20050410_20200902_02_T1) (3449),/home/jfechner/workflows/rangeland/nextflow-run2/work/23/a82c14f085870e21884444569ff9de/level2_ard/X0108_Y0101.lock,3515693,3449
,,0,2024-02-15T15:35:28.572953552Z,2024-03-16T15:35:28.572953552Z,2024-03-16T00:04:46.842731443Z,DELETE,file_event,NFCORE_RANGELAND:RANGELAND:PREPROCESSING:FORCE_PREPROCESS (LT05_L1TP_181035_20050410_20200902_02_T1) (3449),NFCORE_RANGELAND:RANGELAND:PREPROCESSING:FORCE_PREPROCESS (LT05_L1TP_181035_20050410_20200902_02_T1) (3449),/home/jfechner/workflows/rangeland/nextflow-run2/work/23/a82c14f085870e21884444569ff9de/level2_ard/X0108_Y0101.lock,3515693,3449
,,0,2024-02-15T15:35:28.572953552Z,2024-03-16T15:35:28.572953552Z,2024-03-16T00:04:46.84478706Z,CREATE,file_event,NFCORE_RANGELAND:RANGELAND:PREPROCESSING:FORCE_PREPROCESS (LT05_L1TP_181035_20050410_20200902_02_T1) (3449),NFCORE_RANGELAND:RANGELAND:PREPROCESSING:FORCE_PREPROCESS (LT05_L1TP_181035_20050410_20200902_02_T1) (3449),/home/jfechner/workflows/rangeland/nextflow-run2/work/23/a82c14f085870e21884444569ff9de/level2_ard/X0108_Y0101/20050410_LEVEL2_LND05_BOA.tif.lock,3515693,3449
,,0,2024-02-15T15:35:28.572953552Z,2024-03-16T15:35:28.572953552Z,2024-03-16T00:04:46.853464236Z,CREATE,file_event,NFCORE_RANGELAND:RANGELAND:PREPROCESSING:FORCE_PREPROCESS (LT05_L1TP_181035_20050410_20200902_02_T1) (3449),NFCORE_RANGELAND:RANGELAND:PREPROCESSING:FORCE_PREPROCESS (LT05_L1TP_181035_20050410_20200902_02_T1) (3449),/home/jfechner/workflows/rangeland/nextflow-run2/work/23/a82c14f085870e21884444569ff9de/level2_ard/X0108_Y0101/20050410_LEVEL2_LND05_BOA.tif,3515693,3449
,,0,2024-02-15T15:35:28.572953552Z,2024-03-16T15:35:28.572953552Z,2024-03-16T00:04:46.865090187Z,DELETE,file_event,NFCORE_RANGELAND:RANGELAND:PREPROCESSING:FORCE_PREPROCESS (LT05_L1TP_181035_20050410_20200902_02_T1) (3449),NFCORE_RANGELAND:RANGELAND:PREPROCESSING:FORCE_PREPROCESS (LT05_L1TP_181035_20050410_20200902_02_T1) (3449),/home/jfechner/workflows/rangeland/nextflow-run2/work/23/a82c14f085870e21884444569ff9de/level2_ard/X0108_Y0101/20050410_LEVEL2_LND05_BOA.tif.lock,3515693,3449
,,0,2024-02-15T15:35:28.572953552Z,2024-03-16T15:35:28.572953552Z,2024-03-16T00:04:46.866881786Z,CREATE,file_event,NFCORE_RANGELAND:RANGELAND:PREPROCESSING:FORCE_PREPROCESS (LT05_L1TP_181035_20050410_20200902_02_T1) (3449),NFCORE_RANGELAND:RANGELAND:PREPROCESSING:FORCE_PREPROCESS (LT05_L1TP_181035_20050410_20200902_02_T1) (3449),/home/jfechner/workflows/rangeland/nextflow-run2/work/23/a82c14f085870e21884444569ff9de/level2_prov/provenance_20240316.csv.lock,3515693,3449
,,0,2024-02-15T15:35:28.572953552Z,2024-03-16T15:35:28.572953552Z,2024-03-16T00:04:46.868603373Z,DELETE,file_event,NFCORE_RANGELAND:RANGELAND:PREPROCESSING:FORCE_PREPROCESS (LT05_L1TP_181035_20050410_20200902_02_T1) (3449),NFCORE_RANGELAND:RANGELAND:PREPROCESSING:FORCE_PREPROCESS (LT05_L1TP_181035_20050410_20200902_02_T1) (3449),/home/jfechner/workflows/rangeland/nextflow-run2/work/23/a82c14f085870e21884444569ff9de/level2_prov/provenance_20240316.csv.lock,3515693,3449
,,0,2024-02-15T15:35:28.572953552Z,2024-03-16T15:35:28.572953552Z,2024-03-16T00:04:46.870461464Z,CREATE,file_event,NFCORE_RANGELAND:RANGELAND:PREPROCESSING:FORCE_PREPROCESS (LT05_L1TP_181035_20050410_20200902_02_T1) (3449),NFCORE_RANGELAND:RANGELAND:PREPROCESSING:FORCE_PREPROCESS (LT05_L1TP_181035_20050410_20200902_02_T1) (3449),/home/jfechner/workflows/rangeland/nextflow-run2/work/23/a82c14f085870e21884444569ff9de/level2_ard/X0108_Y0101.lock,3515693,3449
,,0,2024-02-15T15:35:28.572953552Z,2024-03-16T15:35:28.572953552Z,2024-03-16T00:04:46.872550513Z,DELETE,file_event,NFCORE_RANGELAND:RANGELAND:PREPROCESSING:FORCE_PREPROCESS (LT05_L1TP_181035_20050410_20200902_02_T1) (3449),NFCORE_RANGELAND:RANGELAND:PREPROCESSING:FORCE_PREPROCESS (LT05_L1TP_181035_20050410_20200902_02_T1) (3449),/home/jfechner/workflows/rangeland/nextflow-run2/work/23/a82c14f085870e21884444569ff9de/level2_ard/X0108_Y0101.lock,3515693,3449
,,0,2024-02-15T15:35:28.572953552Z,2024-03-16T15:35:28.572953552Z,2024-03-16T00:04:46.874716274Z,CREATE,file_event,NFCORE_RANGELAND:RANGELAND:PREPROCESSING:FORCE_PREPROCESS (LT05_L1TP_181035_20050410_20200902_02_T1) (3449),NFCORE_RANGELAND:RANGELAND:PREPROCESSING:FORCE_PREPROCESS (LT05_L1TP_181035_20050410_20200902_02_T1) (3449),/home/jfechner/workflows/rangeland/nextflow-run2/work/23/a82c14f085870e21884444569ff9de/level2_ard/X0108_Y0101/20050410_LEVEL2_LND05_OVV.jpg.lock,3515693,3449
,,0,2024-02-15T15:35:28.572953552Z,2024-03-16T15:35:28.572953552Z,2024-03-16T00:04:46.877159915Z,CREATE,file_event,NFCORE_RANGELAND:RANGELAND:PREPROCESSING:FORCE_PREPROCESS (LT05_L1TP_181035_20050410_20200902_02_T1) (3449),NFCORE_RANGELAND:RANGELAND:PREPROCESSING:FORCE_PREPROCESS (LT05_L1TP_181035_20050410_20200902_02_T1) (3449),/home/jfechner/workflows/rangeland/nextflow-run2/work/23/a82c14f085870e21884444569ff9de/level2_ard/X0108_Y0101/20050410_LEVEL2_LND05_OVV.jpg,3515693,3449
,,0,2024-02-15T15:35:28.572953552Z,2024-03-16T15:35:28.572953552Z,2024-03-16T00:04:46.879493411Z,DELETE,file_event,NFCORE_RANGELAND:RANGELAND:PREPROCESSING:FORCE_PREPROCESS (LT05_L1TP_181035_20050410_20200902_02_T1) (3449),NFCORE_RANGELAND:RANGELAND:PREPROCESSING:FORCE_PREPROCESS (LT05_L1TP_181035_20050410_20200902_02_T1) (3449),/home/jfechner/workflows/rangeland/nextflow-run2/work/23/a82c14f085870e21884444569ff9de/level2_ard/X0108_Y0101/20050410_LEVEL2_LND05_OVV.jpg.lock,3515693,3449
,,0,2024-02-15T15:35:28.572953552Z,2024-03-16T15:35:28.572953552Z,2024-03-16T00:04:46.881130765Z,CREATE,file_event,NFCORE_RANGELAND:RANGELAND:PREPROCESSING:FORCE_PREPROCESS (LT05_L1TP_181035_20050410_20200902_02_T1) (3449),NFCORE_RANGELAND:RANGELAND:PREPROCESSING:FORCE_PREPROCESS (LT05_L1TP_181035_20050410_20200902_02_T1) (3449),/home/jfechner/workflows/rangeland/nextflow-run2/work/23/a82c14f085870e21884444569ff9de/level2_prov/provenance_20240316.csv.lock,3515693,3449
,,0,2024-02-15T15:35:28.572953552Z,2024-03-16T15:35:28.572953552Z,2024-03-16T00:04:46.882876912Z,DELETE,file_event,NFCORE_RANGELAND:RANGELAND:PREPROCESSING:FORCE_PREPROCESS (LT05_L1TP_181035_20050410_20200902_02_T1) (3449),NFCORE_RANGELAND:RANGELAND:PREPROCESSING:FORCE_PREPROCESS (LT05_L1TP_181035_20050410_20200902_02_T1) (3449),/home/jfechner/workflows/rangeland/nextflow-run2/work/23/a82c14f085870e21884444569ff9de/level2_prov/provenance_20240316.csv.lock,3515693,3449
,,0,2024-02-15T15:35:28.572953552Z,2024-03-16T15:35:28.572953552Z,2024-03-16T00:04:46.904805233Z,CREATE,file_event,NFCORE_RANGELAND:RANGELAND:PREPROCESSING:FORCE_PREPROCESS (LT05_L1TP_181035_20050410_20200902_02_T1) (3449),NFCORE_RANGELAND:RANGELAND:PREPROCESSING:FORCE_PREPROCESS (LT05_L1TP_181035_20050410_20200902_02_T1) (3449),/home/jfechner/workflows/rangeland/nextflow-run2/work/23/a82c14f085870e21884444569ff9de/level2_ard/X0109_Y0101.lock,3515693,3449
,,0,2024-02-15T15:35:28.572953552Z,2024-03-16T15:35:28.572953552Z,2024-03-16T00:04:46.907859493Z,CREATE,file_event,NFCORE_RANGELAND:RANGELAND:PREPROCESSING:FORCE_PREPROCESS (LT05_L1TP_181035_20050410_20200902_02_T1) (3449),NFCORE_RANGELAND:RANGELAND:PREPROCESSING:FORCE_PREPROCESS (LT05_L1TP_181035_20050410_20200902_02_T1) (3449),/home/jfechner/workflows/rangeland/nextflow-run2/work/23/a82c14f085870e21884444569ff9de/level2_ard/X0109_Y0101,3515693,3449
,,0,2024-02-15T15:35:28.572953552Z,2024-03-16T15:35:28.572953552Z,2024-03-16T00:04:46.910780659Z,CREATE,file_event,NFCORE_RANGELAND:RANGELAND:PREPROCESSING:FORCE_PREPROCESS (LT05_L1TP_181035_20050410_20200902_02_T1) (3449),NFCORE_RANGELAND:RANGELAND:PREPROCESSING:FORCE_PREPROCESS (LT05_L1TP_181035_20050410_20200902_02_T1) (3449),/home/jfechner/workflows/rangeland/nextflow-run2/work/23/a82c14f085870e21884444569ff9de/level2_ard/X0109_Y0101/20050410_LEVEL2_LND05_QAI.tif,3515693,3449
,,0,2024-02-15T15:35:28.572953552Z,2024-03-16T15:35:28.572953552Z,2024-03-16T00:04:46.913287882Z,CREATE,file_event,NFCORE_RANGELAND:RANGELAND:PREPROCESSING:FORCE_PREPROCESS (LT05_L1TP_181035_20050410_20200902_02_T1) (3449),NFCORE_RANGELAND:RANGELAND:PREPROCESSING:FORCE_PREPROCESS (LT05_L1TP_181035_20050410_20200902_02_T1) (3449),/home/jfechner/workflows/rangeland/nextflow-run2/work/23/a82c14f085870e21884444569ff9de/level2_ard/X0109_Y0101/20050410_LEVEL2_LND05_QAI.tif.lock,3515693,3449
,,0,2024-02-15T15:35:28.572953552Z,2024-03-16T15:35:28.572953552Z,2024-03-16T00:04:46.915624879Z,DELETE,file_event,NFCORE_RANGELAND:RANGELAND:PREPROCESSING:FORCE_PREPROCESS (LT05_L1TP_181035_20050410_20200902_02_T1) (3449),NFCORE_RANGELAND:RANGELAND:PREPROCESSING:FORCE_PREPROCESS (LT05_L1TP_181035_20050410_20200902_02_T1) (3449),/home/jfechner/workflows/rangeland/nextflow-run2/work/23/a82c14f085870e21884444569ff9de/level2_ard/X0109_Y0101.lock,3515693,3449
,,0,2024-02-15T15:35:28.572953552Z,2024-03-16T15:35:28.572953552Z,2024-03-16T00:04:46.917207261Z,CREATE,file_event,NFCORE_RANGELAND:RANGELAND:PREPROCESSING:FORCE_PREPROCESS (LT05_L1TP_181035_20050410_20200902_02_T1) (3449),NFCORE_RANGELAND:RANGELAND:PREPROCESSING:FORCE_PREPROCESS (LT05_L1TP_181035_20050410_20200902_02_T1) (3449),/home/jfechner/workflows/rangeland/nextflow-run2/work/23/a82c14f085870e21884444569ff9de/level2_ard/X0109_Y0101/20050410_LEVEL2_LND05_QAI.tif,3515693,3449
,,0,2024-02-15T15:35:28.572953552Z,2024-03-16T15:35:28.572953552Z,2024-03-16T00:04:46.91902264Z,DELETE,file_event,NFCORE_RANGELAND:RANGELAND:PREPROCESSING:FORCE_PREPROCESS (LT05_L1TP_181035_20050410_20200902_02_T1) (3449),NFCORE_RANGELAND:RANGELAND:PREPROCESSING:FORCE_PREPROCESS (LT05_L1TP_181035_20050410_20200902_02_T1) (3449),/home/jfechner/workflows/rangeland/nextflow-run2/work/23/a82c14f085870e21884444569ff9de/level2_ard/X0109_Y0101/20050410_LEVEL2_LND05_QAI.tif.lock,3515693,3449
,,0,2024-02-15T15:35:28.572953552Z,2024-03-16T15:35:28.572953552Z,2024-03-16T00:04:46.920777518Z,CREATE,file_event,NFCORE_RANGELAND:RANGELAND:PREPROCESSING:FORCE_PREPROCESS (LT05_L1TP_181035_20050410_20200902_02_T1) (3449),NFCORE_RANGELAND:RANGELAND:PREPROCESSING:FORCE_PREPROCESS (LT05_L1TP_181035_20050410_20200902_02_T1) (3449),/home/jfechner/workflows/rangeland/nextflow-run2/work/23/a82c14f085870e21884444569ff9de/level2_prov/provenance_20240316.csv.lock,3515693,3449
,,0,2024-02-15T15:35:28.572953552Z,2024-03-16T15:35:28.572953552Z,2024-03-16T00:04:46.922591637Z,DELETE,file_event,NFCORE_RANGELAND:RANGELAND:PREPROCESSING:FORCE_PREPROCESS (LT05_L1TP_181035_20050410_20200902_02_T1) (3449),NFCORE_RANGELAND:RANGELAND:PREPROCESSING:FORCE_PREPROCESS (LT05_L1TP_181035_20050410_20200902_02_T1) (3449),/home/jfechner/workflows/rangeland/nextflow-run2/work/23/a82c14f085870e21884444569ff9de/level2_prov/provenance_20240316.csv.lock,3515693,3449
,,0,2024-02-15T15:35:28.572953552Z,2024-03-16T15:35:28.572953552Z,2024-03-16T00:04:46.924347985Z,CREATE,file_event,NFCORE_RANGELAND:RANGELAND:PREPROCESSING:FORCE_PREPROCESS (LT05_L1TP_181035_20050410_20200902_02_T1) (3449),NFCORE_RANGELAND:RANGELAND:PREPROCESSING:FORCE_PREPROCESS (LT05_L1TP_181035_20050410_20200902_02_T1) (3449),/home/jfechner/workflows/rangeland/nextflow-run2/work/23/a82c14f085870e21884444569ff9de/level2_ard/X0109_Y0101.lock,3515693,3449
,,0,2024-02-15T15:35:28.572953552Z,2024-03-16T15:35:28.572953552Z,2024-03-16T00:04:46.926137314Z,DELETE,file_event,NFCORE_RANGELAND:RANGELAND:PREPROCESSING:FORCE_PREPROCESS (LT05_L1TP_181035_20050410_20200902_02_T1) (3449),NFCORE_RANGELAND:RANGELAND:PREPROCESSING:FORCE_PREPROCESS (LT05_L1TP_181035_20050410_20200902_02_T1) (3449),/home/jfechner/workflows/rangeland/nextflow-run2/work/23/a82c14f085870e21884444569ff9de/level2_ard/X0109_Y0101.lock,3515693,3449
,,0,2024-02-15T15:35:28.572953552Z,2024-03-16T15:35:28.572953552Z,2024-03-16T00:04:46.927935153Z,CREATE,file_event,NFCORE_RANGELAND:RANGELAND:PREPROCESSING:FORCE_PREPROCESS (LT05_L1TP_181035_20050410_20200902_02_T1) (3449),NFCORE_RANGELAND:RANGELAND:PREPROCESSING:FORCE_PREPROCESS (LT05_L1TP_181035_20050410_20200902_02_T1) (3449),/home/jfechner/workflows/rangeland/nextflow-run2/work/23/a82c14f085870e21884444569ff9de/level2_ard/X0109_Y0101/20050410_LEVEL2_LND05_BOA.tif.lock,3515693,3449
,,0,2024-02-15T15:35:28.572953552Z,2024-03-16T15:35:28.572953552Z,2024-03-16T00:04:46.930385624Z,CREATE,file_event,NFCORE_RANGELAND:RANGELAND:PREPROCESSING:FORCE_PREPROCESS (LT05_L1TP_181035_20050410_20200902_02_T1) (3449),NFCORE_RANGELAND:RANGELAND:PREPROCESSING:FORCE_PREPROCESS (LT05_L1TP_181035_20050410_20200902_02_T1) (3449),/home/jfechner/workflows/rangeland/nextflow-run2/work/23/a82c14f085870e21884444569ff9de/level2_ard/X0109_Y0101/20050410_LEVEL2_LND05_BOA.tif,3515693,3449
,,0,2024-02-15T15:35:28.572953552Z,2024-03-16T15:35:28.572953552Z,2024-03-16T00:04:46.947568798Z,DELETE,file_event,NFCORE_RANGELAND:RANGELAND:PREPROCESSING:FORCE_PREPROCESS (LT05_L1TP_181035_20050410_20200902_02_T1) (3449),NFCORE_RANGELAND:RANGELAND:PREPROCESSING:FORCE_PREPROCESS (LT05_L1TP_181035_20050410_20200902_02_T1) (3449),/home/jfechner/workflows/rangeland/nextflow-run2/work/23/a82c14f085870e21884444569ff9de/level2_ard/X0109_Y0101/20050410_LEVEL2_LND05_BOA.tif.lock,3515693,3449
,,0,2024-02-15T15:35:28.572953552Z,2024-03-16T15:35:28.572953552Z,2024-03-16T00:04:46.949401869Z,CREATE,file_event,NFCORE_RANGELAND:RANGELAND:PREPROCESSING:FORCE_PREPROCESS (LT05_L1TP_181035_20050410_20200902_02_T1) (3449),NFCORE_RANGELAND:RANGELAND:PREPROCESSING:FORCE_PREPROCESS (LT05_L1TP_181035_20050410_20200902_02_T1) (3449),/home/jfechner/workflows/rangeland/nextflow-run2/work/23/a82c14f085870e21884444569ff9de/level2_prov/provenance_20240316.csv.lock,3515693,3449
,,0,2024-02-15T15:35:28.572953552Z,2024-03-16T15:35:28.572953552Z,2024-03-16T00:04:46.951385774Z,DELETE,file_event,NFCORE_RANGELAND:RANGELAND:PREPROCESSING:FORCE_PREPROCESS (LT05_L1TP_181035_20050410_20200902_02_T1) (3449),NFCORE_RANGELAND:RANGELAND:PREPROCESSING:FORCE_PREPROCESS (LT05_L1TP_181035_20050410_20200902_02_T1) (3449),/home/jfechner/workflows/rangeland/nextflow-run2/work/23/a82c14f085870e21884444569ff9de/level2_prov/provenance_20240316.csv.lock,3515693,3449
,,0,2024-02-15T15:35:28.572953552Z,2024-03-16T15:35:28.572953552Z,2024-03-16T00:04:46.953635408Z,CREATE,file_event,NFCORE_RANGELAND:RANGELAND:PREPROCESSING:FORCE_PREPROCESS (LT05_L1TP_181035_20050410_20200902_02_T1) (3449),NFCORE_RANGELAND:RANGELAND:PREPROCESSING:FORCE_PREPROCESS (LT05_L1TP_181035_20050410_20200902_02_T1) (3449),/home/jfechner/workflows/rangeland/nextflow-run2/work/23/a82c14f085870e21884444569ff9de/level2_ard/X0109_Y0101.lock,3515693,3449
,,0,2024-02-15T15:35:28.572953552Z,2024-03-16T15:35:28.572953552Z,2024-03-16T00:04:46.955361795Z,DELETE,file_event,NFCORE_RANGELAND:RANGELAND:PREPROCESSING:FORCE_PREPROCESS (LT05_L1TP_181035_20050410_20200902_02_T1) (3449),NFCORE_RANGELAND:RANGELAND:PREPROCESSING:FORCE_PREPROCESS (LT05_L1TP_181035_20050410_20200902_02_T1) (3449),/home/jfechner/workflows/rangeland/nextflow-run2/work/23/a82c14f085870e21884444569ff9de/level2_ard/X0109_Y0101.lock,3515693,3449
,,0,2024-02-15T15:35:28.572953552Z,2024-03-16T15:35:28.572953552Z,2024-03-16T00:04:46.956835883Z,CREATE,file_event,NFCORE_RANGELAND:RANGELAND:PREPROCESSING:FORCE_PREPROCESS (LT05_L1TP_181035_20050410_20200902_02_T1) (3449),NFCORE_RANGELAND:RANGELAND:PREPROCESSING:FORCE_PREPROCESS (LT05_L1TP_181035_20050410_20200902_02_T1) (3449),/home/jfechner/workflows/rangeland/nextflow-run2/work/23/a82c14f085870e21884444569ff9de/level2_ard/X0109_Y0101/20050410_LEVEL2_LND05_OVV.jpg.lock,3515693,3449
,,0,2024-02-15T15:35:28.572953552Z,2024-03-16T15:35:28.572953552Z,2024-03-16T00:04:46.959074887Z,CREATE,file_event,NFCORE_RANGELAND:RANGELAND:PREPROCESSING:FORCE_PREPROCESS (LT05_L1TP_181035_20050410_20200902_02_T1) (3449),NFCORE_RANGELAND:RANGELAND:PREPROCESSING:FORCE_PREPROCESS (LT05_L1TP_181035_20050410_20200902_02_T1) (3449),/home/jfechner/workflows/rangeland/nextflow-run2/work/23/a82c14f085870e21884444569ff9de/level2_ard/X0109_Y0101/20050410_LEVEL2_LND05_OVV.jpg,3515693,3449
,,0,2024-02-15T15:35:28.572953552Z,2024-03-16T15:35:28.572953552Z,2024-03-16T00:04:46.961245378Z,DELETE,file_event,NFCORE_RANGELAND:RANGELAND:PREPROCESSING:FORCE_PREPROCESS (LT05_L1TP_181035_20050410_20200902_02_T1) (3449),NFCORE_RANGELAND:RANGELAND:PREPROCESSING:FORCE_PREPROCESS (LT05_L1TP_181035_20050410_20200902_02_T1) (3449),/home/jfechner/workflows/rangeland/nextflow-run2/work/23/a82c14f085870e21884444569ff9de/level2_ard/X0109_Y0101/20050410_LEVEL2_LND05_OVV.jpg.lock,3515693,3449
,,0,2024-02-15T15:35:28.572953552Z,2024-03-16T15:35:28.572953552Z,2024-03-16T00:04:46.962787838Z,CREATE,file_event,NFCORE_RANGELAND:RANGELAND:PREPROCESSING:FORCE_PREPROCESS (LT05_L1TP_181035_20050410_20200902_02_T1) (3449),NFCORE_RANGELAND:RANGELAND:PREPROCESSING:FORCE_PREPROCESS (LT05_L1TP_181035_20050410_20200902_02_T1) (3449),/home/jfechner/workflows/rangeland/nextflow-run2/work/23/a82c14f085870e21884444569ff9de/level2_prov/provenance_20240316.csv.lock,3515693,3449
,,0,2024-02-15T15:35:28.572953552Z,2024-03-16T15:35:28.572953552Z,2024-03-16T00:04:46.96436744Z,DELETE,file_event,NFCORE_RANGELAND:RANGELAND:PREPROCESSING:FORCE_PREPROCESS (LT05_L1TP_181035_20050410_20200902_02_T1) (3449),NFCORE_RANGELAND:RANGELAND:PREPROCESSING:FORCE_PREPROCESS (LT05_L1TP_181035_20050410_20200902_02_T1) (3449),/home/jfechner/workflows/rangeland/nextflow-run2/work/23/a82c14f085870e21884444569ff9de/level2_prov/provenance_20240316.csv.lock,3515693,3449
,,0,2024-02-15T15:35:28.572953552Z,2024-03-16T15:35:28.572953552Z,2024-03-16T00:04:46.987108118Z,CREATE,file_event,NFCORE_RANGELAND:RANGELAND:PREPROCESSING:FORCE_PREPROCESS (LT05_L1TP_181035_20050410_20200902_02_T1) (3449),NFCORE_RANGELAND:RANGELAND:PREPROCESSING:FORCE_PREPROCESS (LT05_L1TP_181035_20050410_20200902_02_T1) (3449),/home/jfechner/workflows/rangeland/nextflow-run2/work/23/a82c14f085870e21884444569ff9de/level2_ard/X0110_Y0101.lock,3515693,3449
,,0,2024-02-15T15:35:28.572953552Z,2024-03-16T15:35:28.572953552Z,2024-03-16T00:04:46.989968462Z,CREATE,file_event,NFCORE_RANGELAND:RANGELAND:PREPROCESSING:FORCE_PREPROCESS (LT05_L1TP_181035_20050410_20200902_02_T1) (3449),NFCORE_RANGELAND:RANGELAND:PREPROCESSING:FORCE_PREPROCESS (LT05_L1TP_181035_20050410_20200902_02_T1) (3449),/home/jfechner/workflows/rangeland/nextflow-run2/work/23/a82c14f085870e21884444569ff9de/level2_ard/X0110_Y0101,3515693,3449
,,0,2024-02-15T15:35:28.572953552Z,2024-03-16T15:35:28.572953552Z,2024-03-16T00:04:46.993015832Z,CREATE,file_event,NFCORE_RANGELAND:RANGELAND:PREPROCESSING:FORCE_PREPROCESS (LT05_L1TP_181035_20050410_20200902_02_T1) (3449),NFCORE_RANGELAND:RANGELAND:PREPROCESSING:FORCE_PREPROCESS (LT05_L1TP_181035_20050410_20200902_02_T1) (3449),/home/jfechner/workflows/rangeland/nextflow-run2/work/23/a82c14f085870e21884444569ff9de/level2_ard/X0110_Y0101/20050410_LEVEL2_LND05_QAI.tif,3515693,3449
,,0,2024-02-15T15:35:28.572953552Z,2024-03-16T15:35:28.572953552Z,2024-03-16T00:04:46.995873496Z,CREATE,file_event,NFCORE_RANGELAND:RANGELAND:PREPROCESSING:FORCE_PREPROCESS (LT05_L1TP_181035_20050410_20200902_02_T1) (3449),NFCORE_RANGELAND:RANGELAND:PREPROCESSING:FORCE_PREPROCESS (LT05_L1TP_181035_20050410_20200902_02_T1) (3449),/home/jfechner/workflows/rangeland/nextflow-run2/work/23/a82c14f085870e21884444569ff9de/level2_ard/X0110_Y0101/20050410_LEVEL2_LND05_QAI.tif.lock,3515693,3449
,,0,2024-02-15T15:35:28.572953552Z,2024-03-16T15:35:28.572953552Z,2024-03-16T00:04:46.999442663Z,DELETE,file_event,NFCORE_RANGELAND:RANGELAND:PREPROCESSING:FORCE_PREPROCESS (LT05_L1TP_181035_20050410_20200902_02_T1) (3449),NFCORE_RANGELAND:RANGELAND:PREPROCESSING:FORCE_PREPROCESS (LT05_L1TP_181035_20050410_20200902_02_T1) (3449),/home/jfechner/workflows/rangeland/nextflow-run2/work/23/a82c14f085870e21884444569ff9de/level2_ard/X0110_Y0101.lock,3515693,3449
,,0,2024-02-15T15:35:28.572953552Z,2024-03-16T15:35:28.572953552Z,2024-03-16T00:04:47.001194401Z,CREATE,file_event,NFCORE_RANGELAND:RANGELAND:PREPROCESSING:FORCE_PREPROCESS (LT05_L1TP_181035_20050410_20200902_02_T1) (3449),NFCORE_RANGELAND:RANGELAND:PREPROCESSING:FORCE_PREPROCESS (LT05_L1TP_181035_20050410_20200902_02_T1) (3449),/home/jfechner/workflows/rangeland/nextflow-run2/work/23/a82c14f085870e21884444569ff9de/level2_ard/X0110_Y0101/20050410_LEVEL2_LND05_QAI.tif,3515693,3449
,,0,2024-02-15T15:35:28.572953552Z,2024-03-16T15:35:28.572953552Z,2024-03-16T00:04:47.00300548Z,DELETE,file_event,NFCORE_RANGELAND:RANGELAND:PREPROCESSING:FORCE_PREPROCESS (LT05_L1TP_181035_20050410_20200902_02_T1) (3449),NFCORE_RANGELAND:RANGELAND:PREPROCESSING:FORCE_PREPROCESS (LT05_L1TP_181035_20050410_20200902_02_T1) (3449),/home/jfechner/workflows/rangeland/nextflow-run2/work/23/a82c14f085870e21884444569ff9de/level2_ard/X0110_Y0101/20050410_LEVEL2_LND05_QAI.tif.lock,3515693,3449
,,0,2024-02-15T15:35:28.572953552Z,2024-03-16T15:35:28.572953552Z,2024-03-16T00:04:47.004988336Z,CREATE,file_event,NFCORE_RANGELAND:RANGELAND:PREPROCESSING:FORCE_PREPROCESS (LT05_L1TP_181035_20050410_20200902_02_T1) (3449),NFCORE_RANGELAND:RANGELAND:PREPROCESSING:FORCE_PREPROCESS (LT05_L1TP_181035_20050410_20200902_02_T1) (3449),/home/jfechner/workflows/rangeland/nextflow-run2/work/23/a82c14f085870e21884444569ff9de/level2_prov/provenance_20240316.csv.lock,3515693,3449
,,0,2024-02-15T15:35:28.572953552Z,2024-03-16T15:35:28.572953552Z,2024-03-16T00:04:47.007462277Z,DELETE,file_event,NFCORE_RANGELAND:RANGELAND:PREPROCESSING:FORCE_PREPROCESS (LT05_L1TP_181035_20050410_20200902_02_T1) (3449),NFCORE_RANGELAND:RANGELAND:PREPROCESSING:FORCE_PREPROCESS (LT05_L1TP_181035_20050410_20200902_02_T1) (3449),/home/jfechner/workflows/rangeland/nextflow-run2/work/23/a82c14f085870e21884444569ff9de/level2_prov/provenance_20240316.csv.lock,3515693,3449
,,0,2024-02-15T15:35:28.572953552Z,2024-03-16T15:35:28.572953552Z,2024-03-16T00:04:47.011109937Z,CREATE,file_event,NFCORE_RANGELAND:RANGELAND:PREPROCESSING:FORCE_PREPROCESS (LT05_L1TP_181035_20050410_20200902_02_T1) (3449),NFCORE_RANGELAND:RANGELAND:PREPROCESSING:FORCE_PREPROCESS (LT05_L1TP_181035_20050410_20200902_02_T1) (3449),/home/jfechner/workflows/rangeland/nextflow-run2/work/23/a82c14f085870e21884444569ff9de/level2_ard/X0110_Y0101.lock,3515693,3449
,,0,2024-02-15T15:35:28.572953552Z,2024-03-16T15:35:28.572953552Z,2024-03-16T00:04:47.013490015Z,DELETE,file_event,NFCORE_RANGELAND:RANGELAND:PREPROCESSING:FORCE_PREPROCESS (LT05_L1TP_181035_20050410_20200902_02_T1) (3449),NFCORE_RANGELAND:RANGELAND:PREPROCESSING:FORCE_PREPROCESS (LT05_L1TP_181035_20050410_20200902_02_T1) (3449),/home/jfechner/workflows/rangeland/nextflow-run2/work/23/a82c14f085870e21884444569ff9de/level2_ard/X0110_Y0101.lock,3515693,3449
,,0,2024-02-15T15:35:28.572953552Z,2024-03-16T15:35:28.572953552Z,2024-03-16T00:04:47.015290234Z,CREATE,file_event,NFCORE_RANGELAND:RANGELAND:PREPROCESSING:FORCE_PREPROCESS (LT05_L1TP_181035_20050410_20200902_02_T1) (3449),NFCORE_RANGELAND:RANGELAND:PREPROCESSING:FORCE_PREPROCESS (LT05_L1TP_181035_20050410_20200902_02_T1) (3449),/home/jfechner/workflows/rangeland/nextflow-run2/work/23/a82c14f085870e21884444569ff9de/level2_ard/X0110_Y0101/20050410_LEVEL2_LND05_BOA.tif.lock,3515693,3449
,,0,2024-02-15T15:35:28.572953552Z,2024-03-16T15:35:28.572953552Z,2024-03-16T00:04:47.019366148Z,CREATE,file_event,NFCORE_RANGELAND:RANGELAND:PREPROCESSING:FORCE_PREPROCESS (LT05_L1TP_181035_20050410_20200902_02_T1) (3449),NFCORE_RANGELAND:RANGELAND:PREPROCESSING:FORCE_PREPROCESS (LT05_L1TP_181035_20050410_20200902_02_T1) (3449),/home/jfechner/workflows/rangeland/nextflow-run2/work/23/a82c14f085870e21884444569ff9de/level2_ard/X0110_Y0101/20050410_LEVEL2_LND05_BOA.tif,3515693,3449
,,0,2024-02-15T15:35:28.572953552Z,2024-03-16T15:35:28.572953552Z,2024-03-16T00:04:47.02580133Z,DELETE,file_event,NFCORE_RANGELAND:RANGELAND:PREPROCESSING:FORCE_PREPROCESS (LT05_L1TP_181035_20050410_20200902_02_T1) (3449),NFCORE_RANGELAND:RANGELAND:PREPROCESSING:FORCE_PREPROCESS (LT05_L1TP_181035_20050410_20200902_02_T1) (3449),/home/jfechner/workflows/rangeland/nextflow-run2/work/23/a82c14f085870e21884444569ff9de/level2_ard/X0110_Y0101/20050410_LEVEL2_LND05_BOA.tif.lock,3515693,3449
,,0,2024-02-15T15:35:28.572953552Z,2024-03-16T15:35:28.572953552Z,2024-03-16T00:04:47.02764766Z,CREATE,file_event,NFCORE_RANGELAND:RANGELAND:PREPROCESSING:FORCE_PREPROCESS (LT05_L1TP_181035_20050410_20200902_02_T1) (3449),NFCORE_RANGELAND:RANGELAND:PREPROCESSING:FORCE_PREPROCESS (LT05_L1TP_181035_20050410_20200902_02_T1) (3449),/home/jfechner/workflows/rangeland/nextflow-run2/work/23/a82c14f085870e21884444569ff9de/level2_prov/provenance_20240316.csv.lock,3515693,3449
,,0,2024-02-15T15:35:28.572953552Z,2024-03-16T15:35:28.572953552Z,2024-03-16T00:04:47.029482151Z,DELETE,file_event,NFCORE_RANGELAND:RANGELAND:PREPROCESSING:FORCE_PREPROCESS (LT05_L1TP_181035_20050410_20200902_02_T1) (3449),NFCORE_RANGELAND:RANGELAND:PREPROCESSING:FORCE_PREPROCESS (LT05_L1TP_181035_20050410_20200902_02_T1) (3449),/home/jfechner/workflows/rangeland/nextflow-run2/work/23/a82c14f085870e21884444569ff9de/level2_prov/provenance_20240316.csv.lock,3515693,3449
,,0,2024-02-15T15:35:28.572953552Z,2024-03-16T15:35:28.572953552Z,2024-03-16T00:04:47.03128584Z,CREATE,file_event,NFCORE_RANGELAND:RANGELAND:PREPROCESSING:FORCE_PREPROCESS (LT05_L1TP_181035_20050410_20200902_02_T1) (3449),NFCORE_RANGELAND:RANGELAND:PREPROCESSING:FORCE_PREPROCESS (LT05_L1TP_181035_20050410_20200902_02_T1) (3449),/home/jfechner/workflows/rangeland/nextflow-run2/work/23/a82c14f085870e21884444569ff9de/level2_ard/X0110_Y0101.lock,3515693,3449
,,0,2024-02-15T15:35:28.572953552Z,2024-03-16T15:35:28.572953552Z,2024-03-16T00:04:47.033060948Z,DELETE,file_event,NFCORE_RANGELAND:RANGELAND:PREPROCESSING:FORCE_PREPROCESS (LT05_L1TP_181035_20050410_20200902_02_T1) (3449),NFCORE_RANGELAND:RANGELAND:PREPROCESSING:FORCE_PREPROCESS (LT05_L1TP_181035_20050410_20200902_02_T1) (3449),/home/jfechner/workflows/rangeland/nextflow-run2/work/23/a82c14f085870e21884444569ff9de/level2_ard/X0110_Y0101.lock,3515693,3449
,,0,2024-02-15T15:35:28.572953552Z,2024-03-16T15:35:28.572953552Z,2024-03-16T00:04:47.035440767Z,CREATE,file_event,NFCORE_RANGELAND:RANGELAND:PREPROCESSING:FORCE_PREPROCESS (LT05_L1TP_181035_20050410_20200902_02_T1) (3449),NFCORE_RANGELAND:RANGELAND:PREPROCESSING:FORCE_PREPROCESS (LT05_L1TP_181035_20050410_20200902_02_T1) (3449),/home/jfechner/workflows/rangeland/nextflow-run2/work/23/a82c14f085870e21884444569ff9de/level2_ard/X0110_Y0101/20050410_LEVEL2_LND05_OVV.jpg.lock,3515693,3449
,,0,2024-02-15T15:35:28.572953552Z,2024-03-16T15:35:28.572953552Z,2024-03-16T00:04:47.038196797Z,CREATE,file_event,NFCORE_RANGELAND:RANGELAND:PREPROCESSING:FORCE_PREPROCESS (LT05_L1TP_181035_20050410_20200902_02_T1) (3449),NFCORE_RANGELAND:RANGELAND:PREPROCESSING:FORCE_PREPROCESS (LT05_L1TP_181035_20050410_20200902_02_T1) (3449),/home/jfechner/workflows/rangeland/nextflow-run2/work/23/a82c14f085870e21884444569ff9de/level2_ard/X0110_Y0101/20050410_LEVEL2_LND05_OVV.jpg,3515693,3449
,,0,2024-02-15T15:35:28.572953552Z,2024-03-16T15:35:28.572953552Z,2024-03-16T00:04:47.040571555Z,DELETE,file_event,NFCORE_RANGELAND:RANGELAND:PREPROCESSING:FORCE_PREPROCESS (LT05_L1TP_181035_20050410_20200902_02_T1) (3449),NFCORE_RANGELAND:RANGELAND:PREPROCESSING:FORCE_PREPROCESS (LT05_L1TP_181035_20050410_20200902_02_T1) (3449),/home/jfechner/workflows/rangeland/nextflow-run2/work/23/a82c14f085870e21884444569ff9de/level2_ard/X0110_Y0101/20050410_LEVEL2_LND05_OVV.jpg.lock,3515693,3449
,,0,2024-02-15T15:35:28.572953552Z,2024-03-16T15:35:28.572953552Z,2024-03-16T00:04:47.04224009Z,CREATE,file_event,NFCORE_RANGELAND:RANGELAND:PREPROCESSING:FORCE_PREPROCESS (LT05_L1TP_181035_20050410_20200902_02_T1) (3449),NFCORE_RANGELAND:RANGELAND:PREPROCESSING:FORCE_PREPROCESS (LT05_L1TP_181035_20050410_20200902_02_T1) (3449),/home/jfechner/workflows/rangeland/nextflow-run2/work/23/a82c14f085870e21884444569ff9de/level2_prov/provenance_20240316.csv.lock,3515693,3449
,,0,2024-02-15T15:35:28.572953552Z,2024-03-16T15:35:28.572953552Z,2024-03-16T00:04:47.043975857Z,DELETE,file_event,NFCORE_RANGELAND:RANGELAND:PREPROCESSING:FORCE_PREPROCESS (LT05_L1TP_181035_20050410_20200902_02_T1) (3449),NFCORE_RANGELAND:RANGELAND:PREPROCESSING:FORCE_PREPROCESS (LT05_L1TP_181035_20050410_20200902_02_T1) (3449),/home/jfechner/workflows/rangeland/nextflow-run2/work/23/a82c14f085870e21884444569ff9de/level2_prov/provenance_20240316.csv.lock,3515693,3449
,,0,2024-02-15T15:35:28.572953552Z,2024-03-16T15:35:28.572953552Z,2024-03-16T00:04:47.065472674Z,CREATE,file_event,NFCORE_RANGELAND:RANGELAND:PREPROCESSING:FORCE_PREPROCESS (LT05_L1TP_181035_20050410_20200902_02_T1) (3449),NFCORE_RANGELAND:RANGELAND:PREPROCESSING:FORCE_PREPROCESS (LT05_L1TP_181035_20050410_20200902_02_T1) (3449),/home/jfechner/workflows/rangeland/nextflow-run2/work/23/a82c14f085870e21884444569ff9de/level2_ard/X0111_Y0101.lock,3515693,3449
,,0,2024-02-15T15:35:28.572953552Z,2024-03-16T15:35:28.572953552Z,2024-03-16T00:04:47.06932048Z,CREATE,file_event,NFCORE_RANGELAND:RANGELAND:PREPROCESSING:FORCE_PREPROCESS (LT05_L1TP_181035_20050410_20200902_02_T1) (3449),NFCORE_RANGELAND:RANGELAND:PREPROCESSING:FORCE_PREPROCESS (LT05_L1TP_181035_20050410_20200902_02_T1) (3449),/home/jfechner/workflows/rangeland/nextflow-run2/work/23/a82c14f085870e21884444569ff9de/level2_ard/X0111_Y0101,3515693,3449
,,0,2024-02-15T15:35:28.572953552Z,2024-03-16T15:35:28.572953552Z,2024-03-16T00:04:47.072171894Z,CREATE,file_event,NFCORE_RANGELAND:RANGELAND:PREPROCESSING:FORCE_PREPROCESS (LT05_L1TP_181035_20050410_20200902_02_T1) (3449),NFCORE_RANGELAND:RANGELAND:PREPROCESSING:FORCE_PREPROCESS (LT05_L1TP_181035_20050410_20200902_02_T1) (3449),/home/jfechner/workflows/rangeland/nextflow-run2/work/23/a82c14f085870e21884444569ff9de/level2_ard/X0111_Y0101/20050410_LEVEL2_LND05_QAI.tif,3515693,3449
,,0,2024-02-15T15:35:28.572953552Z,2024-03-16T15:35:28.572953552Z,2024-03-16T00:04:47.075847335Z,CREATE,file_event,NFCORE_RANGELAND:RANGELAND:PREPROCESSING:FORCE_PREPROCESS (LT05_L1TP_181035_20050410_20200902_02_T1) (3449),NFCORE_RANGELAND:RANGELAND:PREPROCESSING:FORCE_PREPROCESS (LT05_L1TP_181035_20050410_20200902_02_T1) (3449),/home/jfechner/workflows/rangeland/nextflow-run2/work/23/a82c14f085870e21884444569ff9de/level2_ard/X0111_Y0101/20050410_LEVEL2_LND05_QAI.tif.lock,3515693,3449
,,0,2024-02-15T15:35:28.572953552Z,2024-03-16T15:35:28.572953552Z,2024-03-16T00:04:47.079260056Z,DELETE,file_event,NFCORE_RANGELAND:RANGELAND:PREPROCESSING:FORCE_PREPROCESS (LT05_L1TP_181035_20050410_20200902_02_T1) (3449),NFCORE_RANGELAND:RANGELAND:PREPROCESSING:FORCE_PREPROCESS (LT05_L1TP_181035_20050410_20200902_02_T1) (3449),/home/jfechner/workflows/rangeland/nextflow-run2/work/23/a82c14f085870e21884444569ff9de/level2_ard/X0111_Y0101.lock,3515693,3449
,,0,2024-02-15T15:35:28.572953552Z,2024-03-16T15:35:28.572953552Z,2024-03-16T00:04:47.081725248Z,CREATE,file_event,NFCORE_RANGELAND:RANGELAND:PREPROCESSING:FORCE_PREPROCESS (LT05_L1TP_181035_20050410_20200902_02_T1) (3449),NFCORE_RANGELAND:RANGELAND:PREPROCESSING:FORCE_PREPROCESS (LT05_L1TP_181035_20050410_20200902_02_T1) (3449),/home/jfechner/workflows/rangeland/nextflow-run2/work/23/a82c14f085870e21884444569ff9de/level2_ard/X0111_Y0101/20050410_LEVEL2_LND05_QAI.tif,3515693,3449
,,0,2024-02-15T15:35:28.572953552Z,2024-03-16T15:35:28.572953552Z,2024-03-16T00:04:47.083644581Z,DELETE,file_event,NFCORE_RANGELAND:RANGELAND:PREPROCESSING:FORCE_PREPROCESS (LT05_L1TP_181035_20050410_20200902_02_T1) (3449),NFCORE_RANGELAND:RANGELAND:PREPROCESSING:FORCE_PREPROCESS (LT05_L1TP_181035_20050410_20200902_02_T1) (3449),/home/jfechner/workflows/rangeland/nextflow-run2/work/23/a82c14f085870e21884444569ff9de/level2_ard/X0111_Y0101/20050410_LEVEL2_LND05_QAI.tif.lock,3515693,3449
,,0,2024-02-15T15:35:28.572953552Z,2024-03-16T15:35:28.572953552Z,2024-03-16T00:04:47.085301505Z,CREATE,file_event,NFCORE_RANGELAND:RANGELAND:PREPROCESSING:FORCE_PREPROCESS (LT05_L1TP_181035_20050410_20200902_02_T1) (3449),NFCORE_RANGELAND:RANGELAND:PREPROCESSING:FORCE_PREPROCESS (LT05_L1TP_181035_20050410_20200902_02_T1) (3449),/home/jfechner/workflows/rangeland/nextflow-run2/work/23/a82c14f085870e21884444569ff9de/level2_prov/provenance_20240316.csv.lock,3515693,3449
,,0,2024-02-15T15:35:28.572953552Z,2024-03-16T15:35:28.572953552Z,2024-03-16T00:04:47.086943659Z,DELETE,file_event,NFCORE_RANGELAND:RANGELAND:PREPROCESSING:FORCE_PREPROCESS (LT05_L1TP_181035_20050410_20200902_02_T1) (3449),NFCORE_RANGELAND:RANGELAND:PREPROCESSING:FORCE_PREPROCESS (LT05_L1TP_181035_20050410_20200902_02_T1) (3449),/home/jfechner/workflows/rangeland/nextflow-run2/work/23/a82c14f085870e21884444569ff9de/level2_prov/provenance_20240316.csv.lock,3515693,3449
,,0,2024-02-15T15:35:28.572953552Z,2024-03-16T15:35:28.572953552Z,2024-03-16T00:04:47.088622424Z,CREATE,file_event,NFCORE_RANGELAND:RANGELAND:PREPROCESSING:FORCE_PREPROCESS (LT05_L1TP_181035_20050410_20200902_02_T1) (3449),NFCORE_RANGELAND:RANGELAND:PREPROCESSING:FORCE_PREPROCESS (LT05_L1TP_181035_20050410_20200902_02_T1) (3449),/home/jfechner/workflows/rangeland/nextflow-run2/work/23/a82c14f085870e21884444569ff9de/level2_ard/X0111_Y0101.lock,3515693,3449
,,0,2024-02-15T15:35:28.572953552Z,2024-03-16T15:35:28.572953552Z,2024-03-16T00:04:47.090232067Z,DELETE,file_event,NFCORE_RANGELAND:RANGELAND:PREPROCESSING:FORCE_PREPROCESS (LT05_L1TP_181035_20050410_20200902_02_T1) (3449),NFCORE_RANGELAND:RANGELAND:PREPROCESSING:FORCE_PREPROCESS (LT05_L1TP_181035_20050410_20200902_02_T1) (3449),/home/jfechner/workflows/rangeland/nextflow-run2/work/23/a82c14f085870e21884444569ff9de/level2_ard/X0111_Y0101.lock,3515693,3449
,,0,2024-02-15T15:35:28.572953552Z,2024-03-16T15:35:28.572953552Z,2024-03-16T00:04:47.091724727Z,CREATE,file_event,NFCORE_RANGELAND:RANGELAND:PREPROCESSING:FORCE_PREPROCESS (LT05_L1TP_181035_20050410_20200902_02_T1) (3449),NFCORE_RANGELAND:RANGELAND:PREPROCESSING:FORCE_PREPROCESS (LT05_L1TP_181035_20050410_20200902_02_T1) (3449),/home/jfechner/workflows/rangeland/nextflow-run2/work/23/a82c14f085870e21884444569ff9de/level2_ard/X0111_Y0101/20050410_LEVEL2_LND05_BOA.tif.lock,3515693,3449
,,0,2024-02-15T15:35:28.572953552Z,2024-03-16T15:35:28.572953552Z,2024-03-16T00:04:47.093987401Z,CREATE,file_event,NFCORE_RANGELAND:RANGELAND:PREPROCESSING:FORCE_PREPROCESS (LT05_L1TP_181035_20050410_20200902_02_T1) (3449),NFCORE_RANGELAND:RANGELAND:PREPROCESSING:FORCE_PREPROCESS (LT05_L1TP_181035_20050410_20200902_02_T1) (3449),/home/jfechner/workflows/rangeland/nextflow-run2/work/23/a82c14f085870e21884444569ff9de/level2_ard/X0111_Y0101/20050410_LEVEL2_LND05_BOA.tif,3515693,3449
,,0,2024-02-15T15:35:28.572953552Z,2024-03-16T15:35:28.572953552Z,2024-03-16T00:04:47.112878192Z,DELETE,file_event,NFCORE_RANGELAND:RANGELAND:PREPROCESSING:FORCE_PREPROCESS (LT05_L1TP_181035_20050410_20200902_02_T1) (3449),NFCORE_RANGELAND:RANGELAND:PREPROCESSING:FORCE_PREPROCESS (LT05_L1TP_181035_20050410_20200902_02_T1) (3449),/home/jfechner/workflows/rangeland/nextflow-run2/work/23/a82c14f085870e21884444569ff9de/level2_ard/X0111_Y0101/20050410_LEVEL2_LND05_BOA.tif.lock,3515693,3449
,,0,2024-02-15T15:35:28.572953552Z,2024-03-16T15:35:28.572953552Z,2024-03-16T00:04:47.115432406Z,CREATE,file_event,NFCORE_RANGELAND:RANGELAND:PREPROCESSING:FORCE_PREPROCESS (LT05_L1TP_181035_20050410_20200902_02_T1) (3449),NFCORE_RANGELAND:RANGELAND:PREPROCESSING:FORCE_PREPROCESS (LT05_L1TP_181035_20050410_20200902_02_T1) (3449),/home/jfechner/workflows/rangeland/nextflow-run2/work/23/a82c14f085870e21884444569ff9de/level2_prov/provenance_20240316.csv.lock,3515693,3449
,,0,2024-02-15T15:35:28.572953552Z,2024-03-16T15:35:28.572953552Z,2024-03-16T00:04:47.117572386Z,DELETE,file_event,NFCORE_RANGELAND:RANGELAND:PREPROCESSING:FORCE_PREPROCESS (LT05_L1TP_181035_20050410_20200902_02_T1) (3449),NFCORE_RANGELAND:RANGELAND:PREPROCESSING:FORCE_PREPROCESS (LT05_L1TP_181035_20050410_20200902_02_T1) (3449),/home/jfechner/workflows/rangeland/nextflow-run2/work/23/a82c14f085870e21884444569ff9de/level2_prov/provenance_20240316.csv.lock,3515693,3449
,,0,2024-02-15T15:35:28.572953552Z,2024-03-16T15:35:28.572953552Z,2024-03-16T00:04:47.119910623Z,CREATE,file_event,NFCORE_RANGELAND:RANGELAND:PREPROCESSING:FORCE_PREPROCESS (LT05_L1TP_181035_20050410_20200902_02_T1) (3449),NFCORE_RANGELAND:RANGELAND:PREPROCESSING:FORCE_PREPROCESS (LT05_L1TP_181035_20050410_20200902_02_T1) (3449),/home/jfechner/workflows/rangeland/nextflow-run2/work/23/a82c14f085870e21884444569ff9de/level2_ard/X0111_Y0101.lock,3515693,3449
,,0,2024-02-15T15:35:28.572953552Z,2024-03-16T15:35:28.572953552Z,2024-03-16T00:04:47.121937819Z,DELETE,file_event,NFCORE_RANGELAND:RANGELAND:PREPROCESSING:FORCE_PREPROCESS (LT05_L1TP_181035_20050410_20200902_02_T1) (3449),NFCORE_RANGELAND:RANGELAND:PREPROCESSING:FORCE_PREPROCESS (LT05_L1TP_181035_20050410_20200902_02_T1) (3449),/home/jfechner/workflows/rangeland/nextflow-run2/work/23/a82c14f085870e21884444569ff9de/level2_ard/X0111_Y0101.lock,3515693,3449
,,0,2024-02-15T15:35:28.572953552Z,2024-03-16T15:35:28.572953552Z,2024-03-16T00:04:47.12377784Z,CREATE,file_event,NFCORE_RANGELAND:RANGELAND:PREPROCESSING:FORCE_PREPROCESS (LT05_L1TP_181035_20050410_20200902_02_T1) (3449),NFCORE_RANGELAND:RANGELAND:PREPROCESSING:FORCE_PREPROCESS (LT05_L1TP_181035_20050410_20200902_02_T1) (3449),/home/jfechner/workflows/rangeland/nextflow-run2/work/23/a82c14f085870e21884444569ff9de/level2_ard/X0111_Y0101/20050410_LEVEL2_LND05_OVV.jpg.lock,3515693,3449
,,0,2024-02-15T15:35:28.572953552Z,2024-03-16T15:35:28.572953552Z,2024-03-16T00:04:47.126539191Z,CREATE,file_event,NFCORE_RANGELAND:RANGELAND:PREPROCESSING:FORCE_PREPROCESS (LT05_L1TP_181035_20050410_20200902_02_T1) (3449),NFCORE_RANGELAND:RANGELAND:PREPROCESSING:FORCE_PREPROCESS (LT05_L1TP_181035_20050410_20200902_02_T1) (3449),/home/jfechner/workflows/rangeland/nextflow-run2/work/23/a82c14f085870e21884444569ff9de/level2_ard/X0111_Y0101/20050410_LEVEL2_LND05_OVV.jpg,3515693,3449
,,0,2024-02-15T15:35:28.572953552Z,2024-03-16T15:35:28.572953552Z,2024-03-16T00:04:47.129174507Z,DELETE,file_event,NFCORE_RANGELAND:RANGELAND:PREPROCESSING:FORCE_PREPROCESS (LT05_L1TP_181035_20050410_20200902_02_T1) (3449),NFCORE_RANGELAND:RANGELAND:PREPROCESSING:FORCE_PREPROCESS (LT05_L1TP_181035_20050410_20200902_02_T1) (3449),/home/jfechner/workflows/rangeland/nextflow-run2/work/23/a82c14f085870e21884444569ff9de/level2_ard/X0111_Y0101/20050410_LEVEL2_LND05_OVV.jpg.lock,3515693,3449
,,0,2024-02-15T15:35:28.572953552Z,2024-03-16T15:35:28.572953552Z,2024-03-16T00:04:47.130826942Z,CREATE,file_event,NFCORE_RANGELAND:RANGELAND:PREPROCESSING:FORCE_PREPROCESS (LT05_L1TP_181035_20050410_20200902_02_T1) (3449),NFCORE_RANGELAND:RANGELAND:PREPROCESSING:FORCE_PREPROCESS (LT05_L1TP_181035_20050410_20200902_02_T1) (3449),/home/jfechner/workflows/rangeland/nextflow-run2/work/23/a82c14f085870e21884444569ff9de/level2_prov/provenance_20240316.csv.lock,3515693,3449
,,0,2024-02-15T15:35:28.572953552Z,2024-03-16T15:35:28.572953552Z,2024-03-16T00:04:47.132515027Z,DELETE,file_event,NFCORE_RANGELAND:RANGELAND:PREPROCESSING:FORCE_PREPROCESS (LT05_L1TP_181035_20050410_20200902_02_T1) (3449),NFCORE_RANGELAND:RANGELAND:PREPROCESSING:FORCE_PREPROCESS (LT05_L1TP_181035_20050410_20200902_02_T1) (3449),/home/jfechner/workflows/rangeland/nextflow-run2/work/23/a82c14f085870e21884444569ff9de/level2_prov/provenance_20240316.csv.lock,3515693,3449
,,0,2024-02-15T15:35:28.572953552Z,2024-03-16T15:35:28.572953552Z,2024-03-16T00:04:47.155468231Z,CREATE,file_event,NFCORE_RANGELAND:RANGELAND:PREPROCESSING:FORCE_PREPROCESS (LT05_L1TP_181035_20050410_20200902_02_T1) (3449),NFCORE_RANGELAND:RANGELAND:PREPROCESSING:FORCE_PREPROCESS (LT05_L1TP_181035_20050410_20200902_02_T1) (3449),/home/jfechner/workflows/rangeland/nextflow-run2/work/23/a82c14f085870e21884444569ff9de/level2_ard/X0106_Y0102.lock,3515693,3449
,,0,2024-02-15T15:35:28.572953552Z,2024-03-16T15:35:28.572953552Z,2024-03-16T00:04:47.158539152Z,CREATE,file_event,NFCORE_RANGELAND:RANGELAND:PREPROCESSING:FORCE_PREPROCESS (LT05_L1TP_181035_20050410_20200902_02_T1) (3449),NFCORE_RANGELAND:RANGELAND:PREPROCESSING:FORCE_PREPROCESS (LT05_L1TP_181035_20050410_20200902_02_T1) (3449),/home/jfechner/workflows/rangeland/nextflow-run2/work/23/a82c14f085870e21884444569ff9de/level2_ard/X0106_Y0102,3515693,3449
,,0,2024-02-15T15:35:28.572953552Z,2024-03-16T15:35:28.572953552Z,2024-03-16T00:04:47.160956292Z,CREATE,file_event,NFCORE_RANGELAND:RANGELAND:PREPROCESSING:FORCE_PREPROCESS (LT05_L1TP_181035_20050410_20200902_02_T1) (3449),NFCORE_RANGELAND:RANGELAND:PREPROCESSING:FORCE_PREPROCESS (LT05_L1TP_181035_20050410_20200902_02_T1) (3449),/home/jfechner/workflows/rangeland/nextflow-run2/work/23/a82c14f085870e21884444569ff9de/level2_ard/X0106_Y0102/20050410_LEVEL2_LND05_QAI.tif,3515693,3449
,,0,2024-02-15T15:35:28.572953552Z,2024-03-16T15:35:28.572953552Z,2024-03-16T00:04:47.163192835Z,CREATE,file_event,NFCORE_RANGELAND:RANGELAND:PREPROCESSING:FORCE_PREPROCESS (LT05_L1TP_181035_20050410_20200902_02_T1) (3449),NFCORE_RANGELAND:RANGELAND:PREPROCESSING:FORCE_PREPROCESS (LT05_L1TP_181035_20050410_20200902_02_T1) (3449),/home/jfechner/workflows/rangeland/nextflow-run2/work/23/a82c14f085870e21884444569ff9de/level2_ard/X0106_Y0102/20050410_LEVEL2_LND05_QAI.tif.lock,3515693,3449
,,0,2024-02-15T15:35:28.572953552Z,2024-03-16T15:35:28.572953552Z,2024-03-16T00:04:47.165838032Z,DELETE,file_event,NFCORE_RANGELAND:RANGELAND:PREPROCESSING:FORCE_PREPROCESS (LT05_L1TP_181035_20050410_20200902_02_T1) (3449),NFCORE_RANGELAND:RANGELAND:PREPROCESSING:FORCE_PREPROCESS (LT05_L1TP_181035_20050410_20200902_02_T1) (3449),/home/jfechner/workflows/rangeland/nextflow-run2/work/23/a82c14f085870e21884444569ff9de/level2_ard/X0106_Y0102.lock,3515693,3449
,,0,2024-02-15T15:35:28.572953552Z,2024-03-16T15:35:28.572953552Z,2024-03-16T00:04:47.16759456Z,CREATE,file_event,NFCORE_RANGELAND:RANGELAND:PREPROCESSING:FORCE_PREPROCESS (LT05_L1TP_181035_20050410_20200902_02_T1) (3449),NFCORE_RANGELAND:RANGELAND:PREPROCESSING:FORCE_PREPROCESS (LT05_L1TP_181035_20050410_20200902_02_T1) (3449),/home/jfechner/workflows/rangeland/nextflow-run2/work/23/a82c14f085870e21884444569ff9de/level2_ard/X0106_Y0102/20050410_LEVEL2_LND05_QAI.tif,3515693,3449
,,0,2024-02-15T15:35:28.572953552Z,2024-03-16T15:35:28.572953552Z,2024-03-16T00:04:47.169450731Z,DELETE,file_event,NFCORE_RANGELAND:RANGELAND:PREPROCESSING:FORCE_PREPROCESS (LT05_L1TP_181035_20050410_20200902_02_T1) (3449),NFCORE_RANGELAND:RANGELAND:PREPROCESSING:FORCE_PREPROCESS (LT05_L1TP_181035_20050410_20200902_02_T1) (3449),/home/jfechner/workflows/rangeland/nextflow-run2/work/23/a82c14f085870e21884444569ff9de/level2_ard/X0106_Y0102/20050410_LEVEL2_LND05_QAI.tif.lock,3515693,3449
,,0,2024-02-15T15:35:28.572953552Z,2024-03-16T15:35:28.572953552Z,2024-03-16T00:04:47.171127586Z,CREATE,file_event,NFCORE_RANGELAND:RANGELAND:PREPROCESSING:FORCE_PREPROCESS (LT05_L1TP_181035_20050410_20200902_02_T1) (3449),NFCORE_RANGELAND:RANGELAND:PREPROCESSING:FORCE_PREPROCESS (LT05_L1TP_181035_20050410_20200902_02_T1) (3449),/home/jfechner/workflows/rangeland/nextflow-run2/work/23/a82c14f085870e21884444569ff9de/level2_prov/provenance_20240316.csv.lock,3515693,3449
,,0,2024-02-15T15:35:28.572953552Z,2024-03-16T15:35:28.572953552Z,2024-03-16T00:04:47.172829312Z,DELETE,file_event,NFCORE_RANGELAND:RANGELAND:PREPROCESSING:FORCE_PREPROCESS (LT05_L1TP_181035_20050410_20200902_02_T1) (3449),NFCORE_RANGELAND:RANGELAND:PREPROCESSING:FORCE_PREPROCESS (LT05_L1TP_181035_20050410_20200902_02_T1) (3449),/home/jfechner/workflows/rangeland/nextflow-run2/work/23/a82c14f085870e21884444569ff9de/level2_prov/provenance_20240316.csv.lock,3515693,3449
,,0,2024-02-15T15:35:28.572953552Z,2024-03-16T15:35:28.572953552Z,2024-03-16T00:04:47.174466166Z,CREATE,file_event,NFCORE_RANGELAND:RANGELAND:PREPROCESSING:FORCE_PREPROCESS (LT05_L1TP_181035_20050410_20200902_02_T1) (3449),NFCORE_RANGELAND:RANGELAND:PREPROCESSING:FORCE_PREPROCESS (LT05_L1TP_181035_20050410_20200902_02_T1) (3449),/home/jfechner/workflows/rangeland/nextflow-run2/work/23/a82c14f085870e21884444569ff9de/level2_ard/X0106_Y0102.lock,3515693,3449
,,0,2024-02-15T15:35:28.572953552Z,2024-03-16T15:35:28.572953552Z,2024-03-16T00:04:47.17611328Z,DELETE,file_event,NFCORE_RANGELAND:RANGELAND:PREPROCESSING:FORCE_PREPROCESS (LT05_L1TP_181035_20050410_20200902_02_T1) (3449),NFCORE_RANGELAND:RANGELAND:PREPROCESSING:FORCE_PREPROCESS (LT05_L1TP_181035_20050410_20200902_02_T1) (3449),/home/jfechner/workflows/rangeland/nextflow-run2/work/23/a82c14f085870e21884444569ff9de/level2_ard/X0106_Y0102.lock,3515693,3449
,,0,2024-02-15T15:35:28.572953552Z,2024-03-16T15:35:28.572953552Z,2024-03-16T00:04:47.177927319Z,CREATE,file_event,NFCORE_RANGELAND:RANGELAND:PREPROCESSING:FORCE_PREPROCESS (LT05_L1TP_181035_20050410_20200902_02_T1) (3449),NFCORE_RANGELAND:RANGELAND:PREPROCESSING:FORCE_PREPROCESS (LT05_L1TP_181035_20050410_20200902_02_T1) (3449),/home/jfechner/workflows/rangeland/nextflow-run2/work/23/a82c14f085870e21884444569ff9de/level2_ard/X0106_Y0102/20050410_LEVEL2_LND05_BOA.tif.lock,3515693,3449
,,0,2024-02-15T15:35:28.572953552Z,2024-03-16T15:35:28.572953552Z,2024-03-16T00:04:47.180964519Z,CREATE,file_event,NFCORE_RANGELAND:RANGELAND:PREPROCESSING:FORCE_PREPROCESS (LT05_L1TP_181035_20050410_20200902_02_T1) (3449),NFCORE_RANGELAND:RANGELAND:PREPROCESSING:FORCE_PREPROCESS (LT05_L1TP_181035_20050410_20200902_02_T1) (3449),/home/jfechner/workflows/rangeland/nextflow-run2/work/23/a82c14f085870e21884444569ff9de/level2_ard/X0106_Y0102/20050410_LEVEL2_LND05_BOA.tif,3515693,3449
,,0,2024-02-15T15:35:28.572953552Z,2024-03-16T15:35:28.572953552Z,2024-03-16T00:04:47.190896166Z,DELETE,file_event,NFCORE_RANGELAND:RANGELAND:PREPROCESSING:FORCE_PREPROCESS (LT05_L1TP_181035_20050410_20200902_02_T1) (3449),NFCORE_RANGELAND:RANGELAND:PREPROCESSING:FORCE_PREPROCESS (LT05_L1TP_181035_20050410_20200902_02_T1) (3449),/home/jfechner/workflows/rangeland/nextflow-run2/work/23/a82c14f085870e21884444569ff9de/level2_ard/X0106_Y0102/20050410_LEVEL2_LND05_BOA.tif.lock,3515693,3449
,,0,2024-02-15T15:35:28.572953552Z,2024-03-16T15:35:28.572953552Z,2024-03-16T00:04:47.192750737Z,CREATE,file_event,NFCORE_RANGELAND:RANGELAND:PREPROCESSING:FORCE_PREPROCESS (LT05_L1TP_181035_20050410_20200902_02_T1) (3449),NFCORE_RANGELAND:RANGELAND:PREPROCESSING:FORCE_PREPROCESS (LT05_L1TP_181035_20050410_20200902_02_T1) (3449),/home/jfechner/workflows/rangeland/nextflow-run2/work/23/a82c14f085870e21884444569ff9de/level2_prov/provenance_20240316.csv.lock,3515693,3449
,,0,2024-02-15T15:35:28.572953552Z,2024-03-16T15:35:28.572953552Z,2024-03-16T00:04:47.194224795Z,DELETE,file_event,NFCORE_RANGELAND:RANGELAND:PREPROCESSING:FORCE_PREPROCESS (LT05_L1TP_181035_20050410_20200902_02_T1) (3449),NFCORE_RANGELAND:RANGELAND:PREPROCESSING:FORCE_PREPROCESS (LT05_L1TP_181035_20050410_20200902_02_T1) (3449),/home/jfechner/workflows/rangeland/nextflow-run2/work/23/a82c14f085870e21884444569ff9de/level2_prov/provenance_20240316.csv.lock,3515693,3449
,,0,2024-02-15T15:35:28.572953552Z,2024-03-16T15:35:28.572953552Z,2024-03-16T00:04:47.195994803Z,CREATE,file_event,NFCORE_RANGELAND:RANGELAND:PREPROCESSING:FORCE_PREPROCESS (LT05_L1TP_181035_20050410_20200902_02_T1) (3449),NFCORE_RANGELAND:RANGELAND:PREPROCESSING:FORCE_PREPROCESS (LT05_L1TP_181035_20050410_20200902_02_T1) (3449),/home/jfechner/workflows/rangeland/nextflow-run2/work/23/a82c14f085870e21884444569ff9de/level2_ard/X0106_Y0102.lock,3515693,3449
,,0,2024-02-15T15:35:28.572953552Z,2024-03-16T15:35:28.572953552Z,2024-03-16T00:04:47.197899916Z,DELETE,file_event,NFCORE_RANGELAND:RANGELAND:PREPROCESSING:FORCE_PREPROCESS (LT05_L1TP_181035_20050410_20200902_02_T1) (3449),NFCORE_RANGELAND:RANGELAND:PREPROCESSING:FORCE_PREPROCESS (LT05_L1TP_181035_20050410_20200902_02_T1) (3449),/home/jfechner/workflows/rangeland/nextflow-run2/work/23/a82c14f085870e21884444569ff9de/level2_ard/X0106_Y0102.lock,3515693,3449
,,0,2024-02-15T15:35:28.572953552Z,2024-03-16T15:35:28.572953552Z,2024-03-16T00:04:47.199598382Z,CREATE,file_event,NFCORE_RANGELAND:RANGELAND:PREPROCESSING:FORCE_PREPROCESS (LT05_L1TP_181035_20050410_20200902_02_T1) (3449),NFCORE_RANGELAND:RANGELAND:PREPROCESSING:FORCE_PREPROCESS (LT05_L1TP_181035_20050410_20200902_02_T1) (3449),/home/jfechner/workflows/rangeland/nextflow-run2/work/23/a82c14f085870e21884444569ff9de/level2_ard/X0106_Y0102/20050410_LEVEL2_LND05_OVV.jpg.lock,3515693,3449
,,0,2024-02-15T15:35:28.572953552Z,2024-03-16T15:35:28.572953552Z,2024-03-16T00:04:47.202110794Z,CREATE,file_event,NFCORE_RANGELAND:RANGELAND:PREPROCESSING:FORCE_PREPROCESS (LT05_L1TP_181035_20050410_20200902_02_T1) (3449),NFCORE_RANGELAND:RANGELAND:PREPROCESSING:FORCE_PREPROCESS (LT05_L1TP_181035_20050410_20200902_02_T1) (3449),/home/jfechner/workflows/rangeland/nextflow-run2/work/23/a82c14f085870e21884444569ff9de/level2_ard/X0106_Y0102/20050410_LEVEL2_LND05_OVV.jpg,3515693,3449
,,0,2024-02-15T15:35:28.572953552Z,2024-03-16T15:35:28.572953552Z,2024-03-16T00:04:47.204439161Z,DELETE,file_event,NFCORE_RANGELAND:RANGELAND:PREPROCESSING:FORCE_PREPROCESS (LT05_L1TP_181035_20050410_20200902_02_T1) (3449),NFCORE_RANGELAND:RANGELAND:PREPROCESSING:FORCE_PREPROCESS (LT05_L1TP_181035_20050410_20200902_02_T1) (3449),/home/jfechner/workflows/rangeland/nextflow-run2/work/23/a82c14f085870e21884444569ff9de/level2_ard/X0106_Y0102/20050410_LEVEL2_LND05_OVV.jpg.lock,3515693,3449
,,0,2024-02-15T15:35:28.572953552Z,2024-03-16T15:35:28.572953552Z,2024-03-16T00:04:47.20623382Z,CREATE,file_event,NFCORE_RANGELAND:RANGELAND:PREPROCESSING:FORCE_PREPROCESS (LT05_L1TP_181035_20050410_20200902_02_T1) (3449),NFCORE_RANGELAND:RANGELAND:PREPROCESSING:FORCE_PREPROCESS (LT05_L1TP_181035_20050410_20200902_02_T1) (3449),/home/jfechner/workflows/rangeland/nextflow-run2/work/23/a82c14f085870e21884444569ff9de/level2_prov/provenance_20240316.csv.lock,3515693,3449
,,0,2024-02-15T15:35:28.572953552Z,2024-03-16T15:35:28.572953552Z,2024-03-16T00:04:47.208082221Z,DELETE,file_event,NFCORE_RANGELAND:RANGELAND:PREPROCESSING:FORCE_PREPROCESS (LT05_L1TP_181035_20050410_20200902_02_T1) (3449),NFCORE_RANGELAND:RANGELAND:PREPROCESSING:FORCE_PREPROCESS (LT05_L1TP_181035_20050410_20200902_02_T1) (3449),/home/jfechner/workflows/rangeland/nextflow-run2/work/23/a82c14f085870e21884444569ff9de/level2_prov/provenance_20240316.csv.lock,3515693,3449
,,0,2024-02-15T15:35:28.572953552Z,2024-03-16T15:35:28.572953552Z,2024-03-16T00:04:47.22812616Z,CREATE,file_event,NFCORE_RANGELAND:RANGELAND:PREPROCESSING:FORCE_PREPROCESS (LT05_L1TP_181035_20050410_20200902_02_T1) (3449),NFCORE_RANGELAND:RANGELAND:PREPROCESSING:FORCE_PREPROCESS (LT05_L1TP_181035_20050410_20200902_02_T1) (3449),/home/jfechner/workflows/rangeland/nextflow-run2/work/23/a82c14f085870e21884444569ff9de/level2_ard/X0107_Y0102.lock,3515693,3449
,,0,2024-02-15T15:35:28.572953552Z,2024-03-16T15:35:28.572953552Z,2024-03-16T00:04:47.231428428Z,CREATE,file_event,NFCORE_RANGELAND:RANGELAND:PREPROCESSING:FORCE_PREPROCESS (LT05_L1TP_181035_20050410_20200902_02_T1) (3449),NFCORE_RANGELAND:RANGELAND:PREPROCESSING:FORCE_PREPROCESS (LT05_L1TP_181035_20050410_20200902_02_T1) (3449),/home/jfechner/workflows/rangeland/nextflow-run2/work/23/a82c14f085870e21884444569ff9de/level2_ard/X0107_Y0102,3515693,3449
,,0,2024-02-15T15:35:28.572953552Z,2024-03-16T15:35:28.572953552Z,2024-03-16T00:04:47.234181489Z,CREATE,file_event,NFCORE_RANGELAND:RANGELAND:PREPROCESSING:FORCE_PREPROCESS (LT05_L1TP_181035_20050410_20200902_02_T1) (3449),NFCORE_RANGELAND:RANGELAND:PREPROCESSING:FORCE_PREPROCESS (LT05_L1TP_181035_20050410_20200902_02_T1) (3449),/home/jfechner/workflows/rangeland/nextflow-run2/work/23/a82c14f085870e21884444569ff9de/level2_ard/X0107_Y0102/20050410_LEVEL2_LND05_QAI.tif,3515693,3449
,,0,2024-02-15T15:35:28.572953552Z,2024-03-16T15:35:28.572953552Z,2024-03-16T00:04:47.236764383Z,CREATE,file_event,NFCORE_RANGELAND:RANGELAND:PREPROCESSING:FORCE_PREPROCESS (LT05_L1TP_181035_20050410_20200902_02_T1) (3449),NFCORE_RANGELAND:RANGELAND:PREPROCESSING:FORCE_PREPROCESS (LT05_L1TP_181035_20050410_20200902_02_T1) (3449),/home/jfechner/workflows/rangeland/nextflow-run2/work/23/a82c14f085870e21884444569ff9de/level2_ard/X0107_Y0102/20050410_LEVEL2_LND05_QAI.tif.lock,3515693,3449
,,0,2024-02-15T15:35:28.572953552Z,2024-03-16T15:35:28.572953552Z,2024-03-16T00:04:47.239262735Z,DELETE,file_event,NFCORE_RANGELAND:RANGELAND:PREPROCESSING:FORCE_PREPROCESS (LT05_L1TP_181035_20050410_20200902_02_T1) (3449),NFCORE_RANGELAND:RANGELAND:PREPROCESSING:FORCE_PREPROCESS (LT05_L1TP_181035_20050410_20200902_02_T1) (3449),/home/jfechner/workflows/rangeland/nextflow-run2/work/23/a82c14f085870e21884444569ff9de/level2_ard/X0107_Y0102.lock,3515693,3449
,,0,2024-02-15T15:35:28.572953552Z,2024-03-16T15:35:28.572953552Z,2024-03-16T00:04:47.240998852Z,CREATE,file_event,NFCORE_RANGELAND:RANGELAND:PREPROCESSING:FORCE_PREPROCESS (LT05_L1TP_181035_20050410_20200902_02_T1) (3449),NFCORE_RANGELAND:RANGELAND:PREPROCESSING:FORCE_PREPROCESS (LT05_L1TP_181035_20050410_20200902_02_T1) (3449),/home/jfechner/workflows/rangeland/nextflow-run2/work/23/a82c14f085870e21884444569ff9de/level2_ard/X0107_Y0102/20050410_LEVEL2_LND05_QAI.tif,3515693,3449
,,0,2024-02-15T15:35:28.572953552Z,2024-03-16T15:35:28.572953552Z,2024-03-16T00:04:47.242664347Z,DELETE,file_event,NFCORE_RANGELAND:RANGELAND:PREPROCESSING:FORCE_PREPROCESS (LT05_L1TP_181035_20050410_20200902_02_T1) (3449),NFCORE_RANGELAND:RANGELAND:PREPROCESSING:FORCE_PREPROCESS (LT05_L1TP_181035_20050410_20200902_02_T1) (3449),/home/jfechner/workflows/rangeland/nextflow-run2/work/23/a82c14f085870e21884444569ff9de/level2_ard/X0107_Y0102/20050410_LEVEL2_LND05_QAI.tif.lock,3515693,3449
,,0,2024-02-15T15:35:28.572953552Z,2024-03-16T15:35:28.572953552Z,2024-03-16T00:04:47.244164627Z,CREATE,file_event,NFCORE_RANGELAND:RANGELAND:PREPROCESSING:FORCE_PREPROCESS (LT05_L1TP_181035_20050410_20200902_02_T1) (3449),NFCORE_RANGELAND:RANGELAND:PREPROCESSING:FORCE_PREPROCESS (LT05_L1TP_181035_20050410_20200902_02_T1) (3449),/home/jfechner/workflows/rangeland/nextflow-run2/work/23/a82c14f085870e21884444569ff9de/level2_prov/provenance_20240316.csv.lock,3515693,3449
,,0,2024-02-15T15:35:28.572953552Z,2024-03-16T15:35:28.572953552Z,2024-03-16T00:04:47.248562821Z,DELETE,file_event,NFCORE_RANGELAND:RANGELAND:PREPROCESSING:FORCE_PREPROCESS (LT05_L1TP_181035_20050410_20200902_02_T1) (3449),NFCORE_RANGELAND:RANGELAND:PREPROCESSING:FORCE_PREPROCESS (LT05_L1TP_181035_20050410_20200902_02_T1) (3449),/home/jfechner/workflows/rangeland/nextflow-run2/work/23/a82c14f085870e21884444569ff9de/level2_prov/provenance_20240316.csv.lock,3515693,3449
,,0,2024-02-15T15:35:28.572953552Z,2024-03-16T15:35:28.572953552Z,2024-03-16T00:04:47.250621559Z,CREATE,file_event,NFCORE_RANGELAND:RANGELAND:PREPROCESSING:FORCE_PREPROCESS (LT05_L1TP_181035_20050410_20200902_02_T1) (3449),NFCORE_RANGELAND:RANGELAND:PREPROCESSING:FORCE_PREPROCESS (LT05_L1TP_181035_20050410_20200902_02_T1) (3449),/home/jfechner/workflows/rangeland/nextflow-run2/work/23/a82c14f085870e21884444569ff9de/level2_ard/X0107_Y0102.lock,3515693,3449
,,0,2024-02-15T15:35:28.572953552Z,2024-03-16T15:35:28.572953552Z,2024-03-16T00:04:47.254010851Z,DELETE,file_event,NFCORE_RANGELAND:RANGELAND:PREPROCESSING:FORCE_PREPROCESS (LT05_L1TP_181035_20050410_20200902_02_T1) (3449),NFCORE_RANGELAND:RANGELAND:PREPROCESSING:FORCE_PREPROCESS (LT05_L1TP_181035_20050410_20200902_02_T1) (3449),/home/jfechner/workflows/rangeland/nextflow-run2/work/23/a82c14f085870e21884444569ff9de/level2_ard/X0107_Y0102.lock,3515693,3449
,,0,2024-02-15T15:35:28.572953552Z,2024-03-16T15:35:28.572953552Z,2024-03-16T00:04:47.255677455Z,CREATE,file_event,NFCORE_RANGELAND:RANGELAND:PREPROCESSING:FORCE_PREPROCESS (LT05_L1TP_181035_20050410_20200902_02_T1) (3449),NFCORE_RANGELAND:RANGELAND:PREPROCESSING:FORCE_PREPROCESS (LT05_L1TP_181035_20050410_20200902_02_T1) (3449),/home/jfechner/workflows/rangeland/nextflow-run2/work/23/a82c14f085870e21884444569ff9de/level2_ard/X0107_Y0102/20050410_LEVEL2_LND05_BOA.tif.lock,3515693,3449
,,0,2024-02-15T15:35:28.572953552Z,2024-03-16T15:35:28.572953552Z,2024-03-16T00:04:47.257879477Z,CREATE,file_event,NFCORE_RANGELAND:RANGELAND:PREPROCESSING:FORCE_PREPROCESS (LT05_L1TP_181035_20050410_20200902_02_T1) (3449),NFCORE_RANGELAND:RANGELAND:PREPROCESSING:FORCE_PREPROCESS (LT05_L1TP_181035_20050410_20200902_02_T1) (3449),/home/jfechner/workflows/rangeland/nextflow-run2/work/23/a82c14f085870e21884444569ff9de/level2_ard/X0107_Y0102/20050410_LEVEL2_LND05_BOA.tif,3515693,3449
,,0,2024-02-15T15:35:28.572953552Z,2024-03-16T15:35:28.572953552Z,2024-03-16T00:04:47.261442504Z,DELETE,file_event,NFCORE_RANGELAND:RANGELAND:PREPROCESSING:FORCE_PREPROCESS (LT05_L1TP_181035_20050410_20200902_02_T1) (3449),NFCORE_RANGELAND:RANGELAND:PREPROCESSING:FORCE_PREPROCESS (LT05_L1TP_181035_20050410_20200902_02_T1) (3449),/home/jfechner/workflows/rangeland/nextflow-run2/work/23/a82c14f085870e21884444569ff9de/level2_ard/X0107_Y0102/20050410_LEVEL2_LND05_BOA.tif.lock,3515693,3449
,,0,2024-02-15T15:35:28.572953552Z,2024-03-16T15:35:28.572953552Z,2024-03-16T00:04:47.263078808Z,CREATE,file_event,NFCORE_RANGELAND:RANGELAND:PREPROCESSING:FORCE_PREPROCESS (LT05_L1TP_181035_20050410_20200902_02_T1) (3449),NFCORE_RANGELAND:RANGELAND:PREPROCESSING:FORCE_PREPROCESS (LT05_L1TP_181035_20050410_20200902_02_T1) (3449),/home/jfechner/workflows/rangeland/nextflow-run2/work/23/a82c14f085870e21884444569ff9de/level2_prov/provenance_20240316.csv.lock,3515693,3449
,,0,2024-02-15T15:35:28.572953552Z,2024-03-16T15:35:28.572953552Z,2024-03-16T00:04:47.265078764Z,DELETE,file_event,NFCORE_RANGELAND:RANGELAND:PREPROCESSING:FORCE_PREPROCESS (LT05_L1TP_181035_20050410_20200902_02_T1) (3449),NFCORE_RANGELAND:RANGELAND:PREPROCESSING:FORCE_PREPROCESS (LT05_L1TP_181035_20050410_20200902_02_T1) (3449),/home/jfechner/workflows/rangeland/nextflow-run2/work/23/a82c14f085870e21884444569ff9de/level2_prov/provenance_20240316.csv.lock,3515693,3449
,,0,2024-02-15T15:35:28.572953552Z,2024-03-16T15:35:28.572953552Z,2024-03-16T00:04:47.26679096Z,CREATE,file_event,NFCORE_RANGELAND:RANGELAND:PREPROCESSING:FORCE_PREPROCESS (LT05_L1TP_181035_20050410_20200902_02_T1) (3449),NFCORE_RANGELAND:RANGELAND:PREPROCESSING:FORCE_PREPROCESS (LT05_L1TP_181035_20050410_20200902_02_T1) (3449),/home/jfechner/workflows/rangeland/nextflow-run2/work/23/a82c14f085870e21884444569ff9de/level2_ard/X0107_Y0102.lock,3515693,3449
,,0,2024-02-15T15:35:28.572953552Z,2024-03-16T15:35:28.572953552Z,2024-03-16T00:04:47.26859372Z,DELETE,file_event,NFCORE_RANGELAND:RANGELAND:PREPROCESSING:FORCE_PREPROCESS (LT05_L1TP_181035_20050410_20200902_02_T1) (3449),NFCORE_RANGELAND:RANGELAND:PREPROCESSING:FORCE_PREPROCESS (LT05_L1TP_181035_20050410_20200902_02_T1) (3449),/home/jfechner/workflows/rangeland/nextflow-run2/work/23/a82c14f085870e21884444569ff9de/level2_ard/X0107_Y0102.lock,3515693,3449
,,0,2024-02-15T15:35:28.572953552Z,2024-03-16T15:35:28.572953552Z,2024-03-16T00:04:47.270288715Z,CREATE,file_event,NFCORE_RANGELAND:RANGELAND:PREPROCESSING:FORCE_PREPROCESS (LT05_L1TP_181035_20050410_20200902_02_T1) (3449),NFCORE_RANGELAND:RANGELAND:PREPROCESSING:FORCE_PREPROCESS (LT05_L1TP_181035_20050410_20200902_02_T1) (3449),/home/jfechner/workflows/rangeland/nextflow-run2/work/23/a82c14f085870e21884444569ff9de/level2_ard/X0107_Y0102/20050410_LEVEL2_LND05_OVV.jpg.lock,3515693,3449
,,0,2024-02-15T15:35:28.572953552Z,2024-03-16T15:35:28.572953552Z,2024-03-16T00:04:47.272665044Z,CREATE,file_event,NFCORE_RANGELAND:RANGELAND:PREPROCESSING:FORCE_PREPROCESS (LT05_L1TP_181035_20050410_20200902_02_T1) (3449),NFCORE_RANGELAND:RANGELAND:PREPROCESSING:FORCE_PREPROCESS (LT05_L1TP_181035_20050410_20200902_02_T1) (3449),/home/jfechner/workflows/rangeland/nextflow-run2/work/23/a82c14f085870e21884444569ff9de/level2_ard/X0107_Y0102/20050410_LEVEL2_LND05_OVV.jpg,3515693,3449
,,0,2024-02-15T15:35:28.572953552Z,2024-03-16T15:35:28.572953552Z,2024-03-16T00:04:47.2749924Z,DELETE,file_event,NFCORE_RANGELAND:RANGELAND:PREPROCESSING:FORCE_PREPROCESS (LT05_L1TP_181035_20050410_20200902_02_T1) (3449),NFCORE_RANGELAND:RANGELAND:PREPROCESSING:FORCE_PREPROCESS (LT05_L1TP_181035_20050410_20200902_02_T1) (3449),/home/jfechner/workflows/rangeland/nextflow-run2/work/23/a82c14f085870e21884444569ff9de/level2_ard/X0107_Y0102/20050410_LEVEL2_LND05_OVV.jpg.lock,3515693,3449
,,0,2024-02-15T15:35:28.572953552Z,2024-03-16T15:35:28.572953552Z,2024-03-16T00:04:47.277511802Z,CREATE,file_event,NFCORE_RANGELAND:RANGELAND:PREPROCESSING:FORCE_PREPROCESS (LT05_L1TP_181035_20050410_20200902_02_T1) (3449),NFCORE_RANGELAND:RANGELAND:PREPROCESSING:FORCE_PREPROCESS (LT05_L1TP_181035_20050410_20200902_02_T1) (3449),/home/jfechner/workflows/rangeland/nextflow-run2/work/23/a82c14f085870e21884444569ff9de/level2_prov/provenance_20240316.csv.lock,3515693,3449
,,0,2024-02-15T15:35:28.572953552Z,2024-03-16T15:35:28.572953552Z,2024-03-16T00:04:47.27956993Z,DELETE,file_event,NFCORE_RANGELAND:RANGELAND:PREPROCESSING:FORCE_PREPROCESS (LT05_L1TP_181035_20050410_20200902_02_T1) (3449),NFCORE_RANGELAND:RANGELAND:PREPROCESSING:FORCE_PREPROCESS (LT05_L1TP_181035_20050410_20200902_02_T1) (3449),/home/jfechner/workflows/rangeland/nextflow-run2/work/23/a82c14f085870e21884444569ff9de/level2_prov/provenance_20240316.csv.lock,3515693,3449
,,0,2024-02-15T15:35:28.572953552Z,2024-03-16T15:35:28.572953552Z,2024-03-16T00:04:47.296121294Z,CREATE,file_event,NFCORE_RANGELAND:RANGELAND:PREPROCESSING:FORCE_PREPROCESS (LT05_L1TP_181035_20050410_20200902_02_T1) (3449),NFCORE_RANGELAND:RANGELAND:PREPROCESSING:FORCE_PREPROCESS (LT05_L1TP_181035_20050410_20200902_02_T1) (3449),/home/jfechner/workflows/rangeland/nextflow-run2/work/23/a82c14f085870e21884444569ff9de/level2_ard/X0108_Y0102.lock,3515693,3449
,,0,2024-02-15T15:35:28.572953552Z,2024-03-16T15:35:28.572953552Z,2024-03-16T00:04:47.299599868Z,CREATE,file_event,NFCORE_RANGELAND:RANGELAND:PREPROCESSING:FORCE_PREPROCESS (LT05_L1TP_181035_20050410_20200902_02_T1) (3449),NFCORE_RANGELAND:RANGELAND:PREPROCESSING:FORCE_PREPROCESS (LT05_L1TP_181035_20050410_20200902_02_T1) (3449),/home/jfechner/workflows/rangeland/nextflow-run2/work/23/a82c14f085870e21884444569ff9de/level2_ard/X0108_Y0102,3515693,3449
,,0,2024-02-15T15:35:28.572953552Z,2024-03-16T15:35:28.572953552Z,2024-03-16T00:04:47.302503824Z,CREATE,file_event,NFCORE_RANGELAND:RANGELAND:PREPROCESSING:FORCE_PREPROCESS (LT05_L1TP_181035_20050410_20200902_02_T1) (3449),NFCORE_RANGELAND:RANGELAND:PREPROCESSING:FORCE_PREPROCESS (LT05_L1TP_181035_20050410_20200902_02_T1) (3449),/home/jfechner/workflows/rangeland/nextflow-run2/work/23/a82c14f085870e21884444569ff9de/level2_ard/X0108_Y0102/20050410_LEVEL2_LND05_QAI.tif,3515693,3449
,,0,2024-02-15T15:35:28.572953552Z,2024-03-16T15:35:28.572953552Z,2024-03-16T00:04:47.305258735Z,CREATE,file_event,NFCORE_RANGELAND:RANGELAND:PREPROCESSING:FORCE_PREPROCESS (LT05_L1TP_181035_20050410_20200902_02_T1) (3449),NFCORE_RANGELAND:RANGELAND:PREPROCESSING:FORCE_PREPROCESS (LT05_L1TP_181035_20050410_20200902_02_T1) (3449),/home/jfechner/workflows/rangeland/nextflow-run2/work/23/a82c14f085870e21884444569ff9de/level2_ard/X0108_Y0102/20050410_LEVEL2_LND05_QAI.tif.lock,3515693,3449
,,0,2024-02-15T15:35:28.572953552Z,2024-03-16T15:35:28.572953552Z,2024-03-16T00:04:47.30846541Z,DELETE,file_event,NFCORE_RANGELAND:RANGELAND:PREPROCESSING:FORCE_PREPROCESS (LT05_L1TP_181035_20050410_20200902_02_T1) (3449),NFCORE_RANGELAND:RANGELAND:PREPROCESSING:FORCE_PREPROCESS (LT05_L1TP_181035_20050410_20200902_02_T1) (3449),/home/jfechner/workflows/rangeland/nextflow-run2/work/23/a82c14f085870e21884444569ff9de/level2_ard/X0108_Y0102.lock,3515693,3449
,,0,2024-02-15T15:35:28.572953552Z,2024-03-16T15:35:28.572953552Z,2024-03-16T00:04:47.31027464Z,CREATE,file_event,NFCORE_RANGELAND:RANGELAND:PREPROCESSING:FORCE_PREPROCESS (LT05_L1TP_181035_20050410_20200902_02_T1) (3449),NFCORE_RANGELAND:RANGELAND:PREPROCESSING:FORCE_PREPROCESS (LT05_L1TP_181035_20050410_20200902_02_T1) (3449),/home/jfechner/workflows/rangeland/nextflow-run2/work/23/a82c14f085870e21884444569ff9de/level2_ard/X0108_Y0102/20050410_LEVEL2_LND05_QAI.tif,3515693,3449
,,0,2024-02-15T15:35:28.572953552Z,2024-03-16T15:35:28.572953552Z,2024-03-16T00:04:47.31212204Z,DELETE,file_event,NFCORE_RANGELAND:RANGELAND:PREPROCESSING:FORCE_PREPROCESS (LT05_L1TP_181035_20050410_20200902_02_T1) (3449),NFCORE_RANGELAND:RANGELAND:PREPROCESSING:FORCE_PREPROCESS (LT05_L1TP_181035_20050410_20200902_02_T1) (3449),/home/jfechner/workflows/rangeland/nextflow-run2/work/23/a82c14f085870e21884444569ff9de/level2_ard/X0108_Y0102/20050410_LEVEL2_LND05_QAI.tif.lock,3515693,3449
,,0,2024-02-15T15:35:28.572953552Z,2024-03-16T15:35:28.572953552Z,2024-03-16T00:04:47.313974521Z,CREATE,file_event,NFCORE_RANGELAND:RANGELAND:PREPROCESSING:FORCE_PREPROCESS (LT05_L1TP_181035_20050410_20200902_02_T1) (3449),NFCORE_RANGELAND:RANGELAND:PREPROCESSING:FORCE_PREPROCESS (LT05_L1TP_181035_20050410_20200902_02_T1) (3449),/home/jfechner/workflows/rangeland/nextflow-run2/work/23/a82c14f085870e21884444569ff9de/level2_prov/provenance_20240316.csv.lock,3515693,3449
,,0,2024-02-15T15:35:28.572953552Z,2024-03-16T15:35:28.572953552Z,2024-03-16T00:04:47.316054839Z,DELETE,file_event,NFCORE_RANGELAND:RANGELAND:PREPROCESSING:FORCE_PREPROCESS (LT05_L1TP_181035_20050410_20200902_02_T1) (3449),NFCORE_RANGELAND:RANGELAND:PREPROCESSING:FORCE_PREPROCESS (LT05_L1TP_181035_20050410_20200902_02_T1) (3449),/home/jfechner/workflows/rangeland/nextflow-run2/work/23/a82c14f085870e21884444569ff9de/level2_prov/provenance_20240316.csv.lock,3515693,3449
,,0,2024-02-15T15:35:28.572953552Z,2024-03-16T15:35:28.572953552Z,2024-03-16T00:04:47.317994563Z,CREATE,file_event,NFCORE_RANGELAND:RANGELAND:PREPROCESSING:FORCE_PREPROCESS (LT05_L1TP_181035_20050410_20200902_02_T1) (3449),NFCORE_RANGELAND:RANGELAND:PREPROCESSING:FORCE_PREPROCESS (LT05_L1TP_181035_20050410_20200902_02_T1) (3449),/home/jfechner/workflows/rangeland/nextflow-run2/work/23/a82c14f085870e21884444569ff9de/level2_ard/X0108_Y0102.lock,3515693,3449
,,0,2024-02-15T15:35:28.572953552Z,2024-03-16T15:35:28.572953552Z,2024-03-16T00:04:47.320208186Z,DELETE,file_event,NFCORE_RANGELAND:RANGELAND:PREPROCESSING:FORCE_PREPROCESS (LT05_L1TP_181035_20050410_20200902_02_T1) (3449),NFCORE_RANGELAND:RANGELAND:PREPROCESSING:FORCE_PREPROCESS (LT05_L1TP_181035_20050410_20200902_02_T1) (3449),/home/jfechner/workflows/rangeland/nextflow-run2/work/23/a82c14f085870e21884444569ff9de/level2_ard/X0108_Y0102.lock,3515693,3449
,,0,2024-02-15T15:35:28.572953552Z,2024-03-16T15:35:28.572953552Z,2024-03-16T00:04:47.324607371Z,CREATE,file_event,NFCORE_RANGELAND:RANGELAND:PREPROCESSING:FORCE_PREPROCESS (LT05_L1TP_181035_20050410_20200902_02_T1) (3449),NFCORE_RANGELAND:RANGELAND:PREPROCESSING:FORCE_PREPROCESS (LT05_L1TP_181035_20050410_20200902_02_T1) (3449),/home/jfechner/workflows/rangeland/nextflow-run2/work/23/a82c14f085870e21884444569ff9de/level2_ard/X0108_Y0102/20050410_LEVEL2_LND05_BOA.tif.lock,3515693,3449
,,0,2024-02-15T15:35:28.572953552Z,2024-03-16T15:35:28.572953552Z,2024-03-16T00:04:47.327894369Z,CREATE,file_event,NFCORE_RANGELAND:RANGELAND:PREPROCESSING:FORCE_PREPROCESS (LT05_L1TP_181035_20050410_20200902_02_T1) (3449),NFCORE_RANGELAND:RANGELAND:PREPROCESSING:FORCE_PREPROCESS (LT05_L1TP_181035_20050410_20200902_02_T1) (3449),/home/jfechner/workflows/rangeland/nextflow-run2/work/23/a82c14f085870e21884444569ff9de/level2_ard/X0108_Y0102/20050410_LEVEL2_LND05_BOA.tif,3515693,3449
,,0,2024-02-15T15:35:28.572953552Z,2024-03-16T15:35:28.572953552Z,2024-03-16T00:04:47.334150344Z,DELETE,file_event,NFCORE_RANGELAND:RANGELAND:PREPROCESSING:FORCE_PREPROCESS (LT05_L1TP_181035_20050410_20200902_02_T1) (3449),NFCORE_RANGELAND:RANGELAND:PREPROCESSING:FORCE_PREPROCESS (LT05_L1TP_181035_20050410_20200902_02_T1) (3449),/home/jfechner/workflows/rangeland/nextflow-run2/work/23/a82c14f085870e21884444569ff9de/level2_ard/X0108_Y0102/20050410_LEVEL2_LND05_BOA.tif.lock,3515693,3449
,,0,2024-02-15T15:35:28.572953552Z,2024-03-16T15:35:28.572953552Z,2024-03-16T00:04:47.336182271Z,CREATE,file_event,NFCORE_RANGELAND:RANGELAND:PREPROCESSING:FORCE_PREPROCESS (LT05_L1TP_181035_20050410_20200902_02_T1) (3449),NFCORE_RANGELAND:RANGELAND:PREPROCESSING:FORCE_PREPROCESS (LT05_L1TP_181035_20050410_20200902_02_T1) (3449),/home/jfechner/workflows/rangeland/nextflow-run2/work/23/a82c14f085870e21884444569ff9de/level2_prov/provenance_20240316.csv.lock,3515693,3449
,,0,2024-02-15T15:35:28.572953552Z,2024-03-16T15:35:28.572953552Z,2024-03-16T00:04:47.338382913Z,DELETE,file_event,NFCORE_RANGELAND:RANGELAND:PREPROCESSING:FORCE_PREPROCESS (LT05_L1TP_181035_20050410_20200902_02_T1) (3449),NFCORE_RANGELAND:RANGELAND:PREPROCESSING:FORCE_PREPROCESS (LT05_L1TP_181035_20050410_20200902_02_T1) (3449),/home/jfechner/workflows/rangeland/nextflow-run2/work/23/a82c14f085870e21884444569ff9de/level2_prov/provenance_20240316.csv.lock,3515693,3449
,,0,2024-02-15T15:35:28.572953552Z,2024-03-16T15:35:28.572953552Z,2024-03-16T00:04:47.340000486Z,CREATE,file_event,NFCORE_RANGELAND:RANGELAND:PREPROCESSING:FORCE_PREPROCESS (LT05_L1TP_181035_20050410_20200902_02_T1) (3449),NFCORE_RANGELAND:RANGELAND:PREPROCESSING:FORCE_PREPROCESS (LT05_L1TP_181035_20050410_20200902_02_T1) (3449),/home/jfechner/workflows/rangeland/nextflow-run2/work/23/a82c14f085870e21884444569ff9de/level2_ard/X0108_Y0102.lock,3515693,3449
,,0,2024-02-15T15:35:28.572953552Z,2024-03-16T15:35:28.572953552Z,2024-03-16T00:04:47.34192518Z,DELETE,file_event,NFCORE_RANGELAND:RANGELAND:PREPROCESSING:FORCE_PREPROCESS (LT05_L1TP_181035_20050410_20200902_02_T1) (3449),NFCORE_RANGELAND:RANGELAND:PREPROCESSING:FORCE_PREPROCESS (LT05_L1TP_181035_20050410_20200902_02_T1) (3449),/home/jfechner/workflows/rangeland/nextflow-run2/work/23/a82c14f085870e21884444569ff9de/level2_ard/X0108_Y0102.lock,3515693,3449
,,0,2024-02-15T15:35:28.572953552Z,2024-03-16T15:35:28.572953552Z,2024-03-16T00:04:47.343598845Z,CREATE,file_event,NFCORE_RANGELAND:RANGELAND:PREPROCESSING:FORCE_PREPROCESS (LT05_L1TP_181035_20050410_20200902_02_T1) (3449),NFCORE_RANGELAND:RANGELAND:PREPROCESSING:FORCE_PREPROCESS (LT05_L1TP_181035_20050410_20200902_02_T1) (3449),/home/jfechner/workflows/rangeland/nextflow-run2/work/23/a82c14f085870e21884444569ff9de/level2_ard/X0108_Y0102/20050410_LEVEL2_LND05_OVV.jpg.lock,3515693,3449
,,0,2024-02-15T15:35:28.572953552Z,2024-03-16T15:35:28.572953552Z,2024-03-16T00:04:47.34589667Z,CREATE,file_event,NFCORE_RANGELAND:RANGELAND:PREPROCESSING:FORCE_PREPROCESS (LT05_L1TP_181035_20050410_20200902_02_T1) (3449),NFCORE_RANGELAND:RANGELAND:PREPROCESSING:FORCE_PREPROCESS (LT05_L1TP_181035_20050410_20200902_02_T1) (3449),/home/jfechner/workflows/rangeland/nextflow-run2/work/23/a82c14f085870e21884444569ff9de/level2_ard/X0108_Y0102/20050410_LEVEL2_LND05_OVV.jpg,3515693,3449
,,0,2024-02-15T15:35:28.572953552Z,2024-03-16T15:35:28.572953552Z,2024-03-16T00:04:47.348395863Z,DELETE,file_event,NFCORE_RANGELAND:RANGELAND:PREPROCESSING:FORCE_PREPROCESS (LT05_L1TP_181035_20050410_20200902_02_T1) (3449),NFCORE_RANGELAND:RANGELAND:PREPROCESSING:FORCE_PREPROCESS (LT05_L1TP_181035_20050410_20200902_02_T1) (3449),/home/jfechner/workflows/rangeland/nextflow-run2/work/23/a82c14f085870e21884444569ff9de/level2_ard/X0108_Y0102/20050410_LEVEL2_LND05_OVV.jpg.lock,3515693,3449
,,0,2024-02-15T15:35:28.572953552Z,2024-03-16T15:35:28.572953552Z,2024-03-16T00:04:47.350103129Z,CREATE,file_event,NFCORE_RANGELAND:RANGELAND:PREPROCESSING:FORCE_PREPROCESS (LT05_L1TP_181035_20050410_20200902_02_T1) (3449),NFCORE_RANGELAND:RANGELAND:PREPROCESSING:FORCE_PREPROCESS (LT05_L1TP_181035_20050410_20200902_02_T1) (3449),/home/jfechner/workflows/rangeland/nextflow-run2/work/23/a82c14f085870e21884444569ff9de/level2_prov/provenance_20240316.csv.lock,3515693,3449
,,0,2024-02-15T15:35:28.572953552Z,2024-03-16T15:35:28.572953552Z,2024-03-16T00:04:47.352067313Z,DELETE,file_event,NFCORE_RANGELAND:RANGELAND:PREPROCESSING:FORCE_PREPROCESS (LT05_L1TP_181035_20050410_20200902_02_T1) (3449),NFCORE_RANGELAND:RANGELAND:PREPROCESSING:FORCE_PREPROCESS (LT05_L1TP_181035_20050410_20200902_02_T1) (3449),/home/jfechner/workflows/rangeland/nextflow-run2/work/23/a82c14f085870e21884444569ff9de/level2_prov/provenance_20240316.csv.lock,3515693,3449
,,0,2024-02-15T15:35:28.572953552Z,2024-03-16T15:35:28.572953552Z,2024-03-16T00:04:47.366653223Z,CREATE,file_event,NFCORE_RANGELAND:RANGELAND:PREPROCESSING:FORCE_PREPROCESS (LT05_L1TP_181035_20050410_20200902_02_T1) (3449),NFCORE_RANGELAND:RANGELAND:PREPROCESSING:FORCE_PREPROCESS (LT05_L1TP_181035_20050410_20200902_02_T1) (3449),/home/jfechner/workflows/rangeland/nextflow-run2/work/23/a82c14f085870e21884444569ff9de/level2_ard/X0109_Y0102.lock,3515693,3449
,,0,2024-02-15T15:35:28.572953552Z,2024-03-16T15:35:28.572953552Z,2024-03-16T00:04:47.36930057Z,CREATE,file_event,NFCORE_RANGELAND:RANGELAND:PREPROCESSING:FORCE_PREPROCESS (LT05_L1TP_181035_20050410_20200902_02_T1) (3449),NFCORE_RANGELAND:RANGELAND:PREPROCESSING:FORCE_PREPROCESS (LT05_L1TP_181035_20050410_20200902_02_T1) (3449),/home/jfechner/workflows/rangeland/nextflow-run2/work/23/a82c14f085870e21884444569ff9de/level2_ard/X0109_Y0102,3515693,3449
,,0,2024-02-15T15:35:28.572953552Z,2024-03-16T15:35:28.572953552Z,2024-03-16T00:04:47.37144167Z,CREATE,file_event,NFCORE_RANGELAND:RANGELAND:PREPROCESSING:FORCE_PREPROCESS (LT05_L1TP_181035_20050410_20200902_02_T1) (3449),NFCORE_RANGELAND:RANGELAND:PREPROCESSING:FORCE_PREPROCESS (LT05_L1TP_181035_20050410_20200902_02_T1) (3449),/home/jfechner/workflows/rangeland/nextflow-run2/work/23/a82c14f085870e21884444569ff9de/level2_ard/X0109_Y0102/20050410_LEVEL2_LND05_QAI.tif,3515693,3449
,,0,2024-02-15T15:35:28.572953552Z,2024-03-16T15:35:28.572953552Z,2024-03-16T00:04:47.373805888Z,CREATE,file_event,NFCORE_RANGELAND:RANGELAND:PREPROCESSING:FORCE_PREPROCESS (LT05_L1TP_181035_20050410_20200902_02_T1) (3449),NFCORE_RANGELAND:RANGELAND:PREPROCESSING:FORCE_PREPROCESS (LT05_L1TP_181035_20050410_20200902_02_T1) (3449),/home/jfechner/workflows/rangeland/nextflow-run2/work/23/a82c14f085870e21884444569ff9de/level2_ard/X0109_Y0102/20050410_LEVEL2_LND05_QAI.tif.lock,3515693,3449
,,0,2024-02-15T15:35:28.572953552Z,2024-03-16T15:35:28.572953552Z,2024-03-16T00:04:47.376288659Z,DELETE,file_event,NFCORE_RANGELAND:RANGELAND:PREPROCESSING:FORCE_PREPROCESS (LT05_L1TP_181035_20050410_20200902_02_T1) (3449),NFCORE_RANGELAND:RANGELAND:PREPROCESSING:FORCE_PREPROCESS (LT05_L1TP_181035_20050410_20200902_02_T1) (3449),/home/jfechner/workflows/rangeland/nextflow-run2/work/23/a82c14f085870e21884444569ff9de/level2_ard/X0109_Y0102.lock,3515693,3449
,,0,2024-02-15T15:35:28.572953552Z,2024-03-16T15:35:28.572953552Z,2024-03-16T00:04:47.378947916Z,CREATE,file_event,NFCORE_RANGELAND:RANGELAND:PREPROCESSING:FORCE_PREPROCESS (LT05_L1TP_181035_20050410_20200902_02_T1) (3449),NFCORE_RANGELAND:RANGELAND:PREPROCESSING:FORCE_PREPROCESS (LT05_L1TP_181035_20050410_20200902_02_T1) (3449),/home/jfechner/workflows/rangeland/nextflow-run2/work/23/a82c14f085870e21884444569ff9de/level2_ard/X0109_Y0102/20050410_LEVEL2_LND05_QAI.tif,3515693,3449
,,0,2024-02-15T15:35:28.572953552Z,2024-03-16T15:35:28.572953552Z,2024-03-16T00:04:47.380905061Z,DELETE,file_event,NFCORE_RANGELAND:RANGELAND:PREPROCESSING:FORCE_PREPROCESS (LT05_L1TP_181035_20050410_20200902_02_T1) (3449),NFCORE_RANGELAND:RANGELAND:PREPROCESSING:FORCE_PREPROCESS (LT05_L1TP_181035_20050410_20200902_02_T1) (3449),/home/jfechner/workflows/rangeland/nextflow-run2/work/23/a82c14f085870e21884444569ff9de/level2_ard/X0109_Y0102/20050410_LEVEL2_LND05_QAI.tif.lock,3515693,3449
,,0,2024-02-15T15:35:28.572953552Z,2024-03-16T15:35:28.572953552Z,2024-03-16T00:04:47.382839714Z,CREATE,file_event,NFCORE_RANGELAND:RANGELAND:PREPROCESSING:FORCE_PREPROCESS (LT05_L1TP_181035_20050410_20200902_02_T1) (3449),NFCORE_RANGELAND:RANGELAND:PREPROCESSING:FORCE_PREPROCESS (LT05_L1TP_181035_20050410_20200902_02_T1) (3449),/home/jfechner/workflows/rangeland/nextflow-run2/work/23/a82c14f085870e21884444569ff9de/level2_prov/provenance_20240316.csv.lock,3515693,3449
,,0,2024-02-15T15:35:28.572953552Z,2024-03-16T15:35:28.572953552Z,2024-03-16T00:04:47.386468314Z,DELETE,file_event,NFCORE_RANGELAND:RANGELAND:PREPROCESSING:FORCE_PREPROCESS (LT05_L1TP_181035_20050410_20200902_02_T1) (3449),NFCORE_RANGELAND:RANGELAND:PREPROCESSING:FORCE_PREPROCESS (LT05_L1TP_181035_20050410_20200902_02_T1) (3449),/home/jfechner/workflows/rangeland/nextflow-run2/work/23/a82c14f085870e21884444569ff9de/level2_prov/provenance_20240316.csv.lock,3515693,3449
,,0,2024-02-15T15:35:28.572953552Z,2024-03-16T15:35:28.572953552Z,2024-03-16T00:04:47.388679527Z,CREATE,file_event,NFCORE_RANGELAND:RANGELAND:PREPROCESSING:FORCE_PREPROCESS (LT05_L1TP_181035_20050410_20200902_02_T1) (3449),NFCORE_RANGELAND:RANGELAND:PREPROCESSING:FORCE_PREPROCESS (LT05_L1TP_181035_20050410_20200902_02_T1) (3449),/home/jfechner/workflows/rangeland/nextflow-run2/work/23/a82c14f085870e21884444569ff9de/level2_ard/X0109_Y0102.lock,3515693,3449
,,0,2024-02-15T15:35:28.572953552Z,2024-03-16T15:35:28.572953552Z,2024-03-16T00:04:47.390500566Z,DELETE,file_event,NFCORE_RANGELAND:RANGELAND:PREPROCESSING:FORCE_PREPROCESS (LT05_L1TP_181035_20050410_20200902_02_T1) (3449),NFCORE_RANGELAND:RANGELAND:PREPROCESSING:FORCE_PREPROCESS (LT05_L1TP_181035_20050410_20200902_02_T1) (3449),/home/jfechner/workflows/rangeland/nextflow-run2/work/23/a82c14f085870e21884444569ff9de/level2_ard/X0109_Y0102.lock,3515693,3449
,,0,2024-02-15T15:35:28.572953552Z,2024-03-16T15:35:28.572953552Z,2024-03-16T00:04:47.392511783Z,CREATE,file_event,NFCORE_RANGELAND:RANGELAND:PREPROCESSING:FORCE_PREPROCESS (LT05_L1TP_181035_20050410_20200902_02_T1) (3449),NFCORE_RANGELAND:RANGELAND:PREPROCESSING:FORCE_PREPROCESS (LT05_L1TP_181035_20050410_20200902_02_T1) (3449),/home/jfechner/workflows/rangeland/nextflow-run2/work/23/a82c14f085870e21884444569ff9de/level2_ard/X0109_Y0102/20050410_LEVEL2_LND05_BOA.tif.lock,3515693,3449
,,0,2024-02-15T15:35:28.572953552Z,2024-03-16T15:35:28.572953552Z,2024-03-16T00:04:47.395376177Z,CREATE,file_event,NFCORE_RANGELAND:RANGELAND:PREPROCESSING:FORCE_PREPROCESS (LT05_L1TP_181035_20050410_20200902_02_T1) (3449),NFCORE_RANGELAND:RANGELAND:PREPROCESSING:FORCE_PREPROCESS (LT05_L1TP_181035_20050410_20200902_02_T1) (3449),/home/jfechner/workflows/rangeland/nextflow-run2/work/23/a82c14f085870e21884444569ff9de/level2_ard/X0109_Y0102/20050410_LEVEL2_LND05_BOA.tif,3515693,3449
,,0,2024-02-15T15:35:28.572953552Z,2024-03-16T15:35:28.572953552Z,2024-03-16T00:04:47.399113729Z,DELETE,file_event,NFCORE_RANGELAND:RANGELAND:PREPROCESSING:FORCE_PREPROCESS (LT05_L1TP_181035_20050410_20200902_02_T1) (3449),NFCORE_RANGELAND:RANGELAND:PREPROCESSING:FORCE_PREPROCESS (LT05_L1TP_181035_20050410_20200902_02_T1) (3449),/home/jfechner/workflows/rangeland/nextflow-run2/work/23/a82c14f085870e21884444569ff9de/level2_ard/X0109_Y0102/20050410_LEVEL2_LND05_BOA.tif.lock,3515693,3449
,,0,2024-02-15T15:35:28.572953552Z,2024-03-16T15:35:28.572953552Z,2024-03-16T00:04:47.400581047Z,CREATE,file_event,NFCORE_RANGELAND:RANGELAND:PREPROCESSING:FORCE_PREPROCESS (LT05_L1TP_181035_20050410_20200902_02_T1) (3449),NFCORE_RANGELAND:RANGELAND:PREPROCESSING:FORCE_PREPROCESS (LT05_L1TP_181035_20050410_20200902_02_T1) (3449),/home/jfechner/workflows/rangeland/nextflow-run2/work/23/a82c14f085870e21884444569ff9de/level2_prov/provenance_20240316.csv.lock,3515693,3449
,,0,2024-02-15T15:35:28.572953552Z,2024-03-16T15:35:28.572953552Z,2024-03-16T00:04:47.402126078Z,DELETE,file_event,NFCORE_RANGELAND:RANGELAND:PREPROCESSING:FORCE_PREPROCESS (LT05_L1TP_181035_20050410_20200902_02_T1) (3449),NFCORE_RANGELAND:RANGELAND:PREPROCESSING:FORCE_PREPROCESS (LT05_L1TP_181035_20050410_20200902_02_T1) (3449),/home/jfechner/workflows/rangeland/nextflow-run2/work/23/a82c14f085870e21884444569ff9de/level2_prov/provenance_20240316.csv.lock,3515693,3449
,,0,2024-02-15T15:35:28.572953552Z,2024-03-16T15:35:28.572953552Z,2024-03-16T00:04:47.403859975Z,CREATE,file_event,NFCORE_RANGELAND:RANGELAND:PREPROCESSING:FORCE_PREPROCESS (LT05_L1TP_181035_20050410_20200902_02_T1) (3449),NFCORE_RANGELAND:RANGELAND:PREPROCESSING:FORCE_PREPROCESS (LT05_L1TP_181035_20050410_20200902_02_T1) (3449),/home/jfechner/workflows/rangeland/nextflow-run2/work/23/a82c14f085870e21884444569ff9de/level2_ard/X0109_Y0102.lock,3515693,3449
,,0,2024-02-15T15:35:28.572953552Z,2024-03-16T15:35:28.572953552Z,2024-03-16T00:04:47.405884532Z,DELETE,file_event,NFCORE_RANGELAND:RANGELAND:PREPROCESSING:FORCE_PREPROCESS (LT05_L1TP_181035_20050410_20200902_02_T1) (3449),NFCORE_RANGELAND:RANGELAND:PREPROCESSING:FORCE_PREPROCESS (LT05_L1TP_181035_20050410_20200902_02_T1) (3449),/home/jfechner/workflows/rangeland/nextflow-run2/work/23/a82c14f085870e21884444569ff9de/level2_ard/X0109_Y0102.lock,3515693,3449
,,0,2024-02-15T15:35:28.572953552Z,2024-03-16T15:35:28.572953552Z,2024-03-16T00:04:47.407467464Z,CREATE,file_event,NFCORE_RANGELAND:RANGELAND:PREPROCESSING:FORCE_PREPROCESS (LT05_L1TP_181035_20050410_20200902_02_T1) (3449),NFCORE_RANGELAND:RANGELAND:PREPROCESSING:FORCE_PREPROCESS (LT05_L1TP_181035_20050410_20200902_02_T1) (3449),/home/jfechner/workflows/rangeland/nextflow-run2/work/23/a82c14f085870e21884444569ff9de/level2_ard/X0109_Y0102/20050410_LEVEL2_LND05_OVV.jpg.lock,3515693,3449
,,0,2024-02-15T15:35:28.572953552Z,2024-03-16T15:35:28.572953552Z,2024-03-16T00:04:47.41006619Z,CREATE,file_event,NFCORE_RANGELAND:RANGELAND:PREPROCESSING:FORCE_PREPROCESS (LT05_L1TP_181035_20050410_20200902_02_T1) (3449),NFCORE_RANGELAND:RANGELAND:PREPROCESSING:FORCE_PREPROCESS (LT05_L1TP_181035_20050410_20200902_02_T1) (3449),/home/jfechner/workflows/rangeland/nextflow-run2/work/23/a82c14f085870e21884444569ff9de/level2_ard/X0109_Y0102/20050410_LEVEL2_LND05_OVV.jpg,3515693,3449
,,0,2024-02-15T15:35:28.572953552Z,2024-03-16T15:35:28.572953552Z,2024-03-16T00:04:47.412557872Z,DELETE,file_event,NFCORE_RANGELAND:RANGELAND:PREPROCESSING:FORCE_PREPROCESS (LT05_L1TP_181035_20050410_20200902_02_T1) (3449),NFCORE_RANGELAND:RANGELAND:PREPROCESSING:FORCE_PREPROCESS (LT05_L1TP_181035_20050410_20200902_02_T1) (3449),/home/jfechner/workflows/rangeland/nextflow-run2/work/23/a82c14f085870e21884444569ff9de/level2_ard/X0109_Y0102/20050410_LEVEL2_LND05_OVV.jpg.lock,3515693,3449
,,0,2024-02-15T15:35:28.572953552Z,2024-03-16T15:35:28.572953552Z,2024-03-16T00:04:47.414383561Z,CREATE,file_event,NFCORE_RANGELAND:RANGELAND:PREPROCESSING:FORCE_PREPROCESS (LT05_L1TP_181035_20050410_20200902_02_T1) (3449),NFCORE_RANGELAND:RANGELAND:PREPROCESSING:FORCE_PREPROCESS (LT05_L1TP_181035_20050410_20200902_02_T1) (3449),/home/jfechner/workflows/rangeland/nextflow-run2/work/23/a82c14f085870e21884444569ff9de/level2_prov/provenance_20240316.csv.lock,3515693,3449
,,0,2024-02-15T15:35:28.572953552Z,2024-03-16T15:35:28.572953552Z,2024-03-16T00:04:47.416082717Z,DELETE,file_event,NFCORE_RANGELAND:RANGELAND:PREPROCESSING:FORCE_PREPROCESS (LT05_L1TP_181035_20050410_20200902_02_T1) (3449),NFCORE_RANGELAND:RANGELAND:PREPROCESSING:FORCE_PREPROCESS (LT05_L1TP_181035_20050410_20200902_02_T1) (3449),/home/jfechner/workflows/rangeland/nextflow-run2/work/23/a82c14f085870e21884444569ff9de/level2_prov/provenance_20240316.csv.lock,3515693,3449
,,0,2024-02-15T15:35:28.572953552Z,2024-03-16T15:35:28.572953552Z,2024-03-16T00:04:47.436285881Z,CREATE,file_event,NFCORE_RANGELAND:RANGELAND:PREPROCESSING:FORCE_PREPROCESS (LT05_L1TP_181035_20050410_20200902_02_T1) (3449),NFCORE_RANGELAND:RANGELAND:PREPROCESSING:FORCE_PREPROCESS (LT05_L1TP_181035_20050410_20200902_02_T1) (3449),/home/jfechner/workflows/rangeland/nextflow-run2/work/23/a82c14f085870e21884444569ff9de/level2_ard/X0110_Y0102.lock,3515693,3449
,,0,2024-02-15T15:35:28.572953552Z,2024-03-16T15:35:28.572953552Z,2024-03-16T00:04:47.439671512Z,CREATE,file_event,NFCORE_RANGELAND:RANGELAND:PREPROCESSING:FORCE_PREPROCESS (LT05_L1TP_181035_20050410_20200902_02_T1) (3449),NFCORE_RANGELAND:RANGELAND:PREPROCESSING:FORCE_PREPROCESS (LT05_L1TP_181035_20050410_20200902_02_T1) (3449),/home/jfechner/workflows/rangeland/nextflow-run2/work/23/a82c14f085870e21884444569ff9de/level2_ard/X0110_Y0102,3515693,3449
,,0,2024-02-15T15:35:28.572953552Z,2024-03-16T15:35:28.572953552Z,2024-03-16T00:04:47.442394752Z,CREATE,file_event,NFCORE_RANGELAND:RANGELAND:PREPROCESSING:FORCE_PREPROCESS (LT05_L1TP_181035_20050410_20200902_02_T1) (3449),NFCORE_RANGELAND:RANGELAND:PREPROCESSING:FORCE_PREPROCESS (LT05_L1TP_181035_20050410_20200902_02_T1) (3449),/home/jfechner/workflows/rangeland/nextflow-run2/work/23/a82c14f085870e21884444569ff9de/level2_ard/X0110_Y0102/20050410_LEVEL2_LND05_QAI.tif,3515693,3449
,,0,2024-02-15T15:35:28.572953552Z,2024-03-16T15:35:28.572953552Z,2024-03-16T00:04:47.445948999Z,CREATE,file_event,NFCORE_RANGELAND:RANGELAND:PREPROCESSING:FORCE_PREPROCESS (LT05_L1TP_181035_20050410_20200902_02_T1) (3449),NFCORE_RANGELAND:RANGELAND:PREPROCESSING:FORCE_PREPROCESS (LT05_L1TP_181035_20050410_20200902_02_T1) (3449),/home/jfechner/workflows/rangeland/nextflow-run2/work/23/a82c14f085870e21884444569ff9de/level2_ard/X0110_Y0102/20050410_LEVEL2_LND05_QAI.tif.lock,3515693,3449
,,0,2024-02-15T15:35:28.572953552Z,2024-03-16T15:35:28.572953552Z,2024-03-16T00:04:47.448754451Z,DELETE,file_event,NFCORE_RANGELAND:RANGELAND:PREPROCESSING:FORCE_PREPROCESS (LT05_L1TP_181035_20050410_20200902_02_T1) (3449),NFCORE_RANGELAND:RANGELAND:PREPROCESSING:FORCE_PREPROCESS (LT05_L1TP_181035_20050410_20200902_02_T1) (3449),/home/jfechner/workflows/rangeland/nextflow-run2/work/23/a82c14f085870e21884444569ff9de/level2_ard/X0110_Y0102.lock,3515693,3449
,,0,2024-02-15T15:35:28.572953552Z,2024-03-16T15:35:28.572953552Z,2024-03-16T00:04:47.450563041Z,CREATE,file_event,NFCORE_RANGELAND:RANGELAND:PREPROCESSING:FORCE_PREPROCESS (LT05_L1TP_181035_20050410_20200902_02_T1) (3449),NFCORE_RANGELAND:RANGELAND:PREPROCESSING:FORCE_PREPROCESS (LT05_L1TP_181035_20050410_20200902_02_T1) (3449),/home/jfechner/workflows/rangeland/nextflow-run2/work/23/a82c14f085870e21884444569ff9de/level2_ard/X0110_Y0102/20050410_LEVEL2_LND05_QAI.tif,3515693,3449
,,0,2024-02-15T15:35:28.572953552Z,2024-03-16T15:35:28.572953552Z,2024-03-16T00:04:47.452404361Z,DELETE,file_event,NFCORE_RANGELAND:RANGELAND:PREPROCESSING:FORCE_PREPROCESS (LT05_L1TP_181035_20050410_20200902_02_T1) (3449),NFCORE_RANGELAND:RANGELAND:PREPROCESSING:FORCE_PREPROCESS (LT05_L1TP_181035_20050410_20200902_02_T1) (3449),/home/jfechner/workflows/rangeland/nextflow-run2/work/23/a82c14f085870e21884444569ff9de/level2_ard/X0110_Y0102/20050410_LEVEL2_LND05_QAI.tif.lock,3515693,3449
,,0,2024-02-15T15:35:28.572953552Z,2024-03-16T15:35:28.572953552Z,2024-03-16T00:04:47.4544931Z,CREATE,file_event,NFCORE_RANGELAND:RANGELAND:PREPROCESSING:FORCE_PREPROCESS (LT05_L1TP_181035_20050410_20200902_02_T1) (3449),NFCORE_RANGELAND:RANGELAND:PREPROCESSING:FORCE_PREPROCESS (LT05_L1TP_181035_20050410_20200902_02_T1) (3449),/home/jfechner/workflows/rangeland/nextflow-run2/work/23/a82c14f085870e21884444569ff9de/level2_prov/provenance_20240316.csv.lock,3515693,3449
,,0,2024-02-15T15:35:28.572953552Z,2024-03-16T15:35:28.572953552Z,2024-03-16T00:04:47.456356171Z,DELETE,file_event,NFCORE_RANGELAND:RANGELAND:PREPROCESSING:FORCE_PREPROCESS (LT05_L1TP_181035_20050410_20200902_02_T1) (3449),NFCORE_RANGELAND:RANGELAND:PREPROCESSING:FORCE_PREPROCESS (LT05_L1TP_181035_20050410_20200902_02_T1) (3449),/home/jfechner/workflows/rangeland/nextflow-run2/work/23/a82c14f085870e21884444569ff9de/level2_prov/provenance_20240316.csv.lock,3515693,3449
,,0,2024-02-15T15:35:28.572953552Z,2024-03-16T15:35:28.572953552Z,2024-03-16T00:04:47.458333526Z,CREATE,file_event,NFCORE_RANGELAND:RANGELAND:PREPROCESSING:FORCE_PREPROCESS (LT05_L1TP_181035_20050410_20200902_02_T1) (3449),NFCORE_RANGELAND:RANGELAND:PREPROCESSING:FORCE_PREPROCESS (LT05_L1TP_181035_20050410_20200902_02_T1) (3449),/home/jfechner/workflows/rangeland/nextflow-run2/work/23/a82c14f085870e21884444569ff9de/level2_ard/X0110_Y0102.lock,3515693,3449
,,0,2024-02-15T15:35:28.572953552Z,2024-03-16T15:35:28.572953552Z,2024-03-16T00:04:47.46030222Z,DELETE,file_event,NFCORE_RANGELAND:RANGELAND:PREPROCESSING:FORCE_PREPROCESS (LT05_L1TP_181035_20050410_20200902_02_T1) (3449),NFCORE_RANGELAND:RANGELAND:PREPROCESSING:FORCE_PREPROCESS (LT05_L1TP_181035_20050410_20200902_02_T1) (3449),/home/jfechner/workflows/rangeland/nextflow-run2/work/23/a82c14f085870e21884444569ff9de/level2_ard/X0110_Y0102.lock,3515693,3449
,,0,2024-02-15T15:35:28.572953552Z,2024-03-16T15:35:28.572953552Z,2024-03-16T00:04:47.462069558Z,CREATE,file_event,NFCORE_RANGELAND:RANGELAND:PREPROCESSING:FORCE_PREPROCESS (LT05_L1TP_181035_20050410_20200902_02_T1) (3449),NFCORE_RANGELAND:RANGELAND:PREPROCESSING:FORCE_PREPROCESS (LT05_L1TP_181035_20050410_20200902_02_T1) (3449),/home/jfechner/workflows/rangeland/nextflow-run2/work/23/a82c14f085870e21884444569ff9de/level2_ard/X0110_Y0102/20050410_LEVEL2_LND05_BOA.tif.lock,3515693,3449
,,0,2024-02-15T15:35:28.572953552Z,2024-03-16T15:35:28.572953552Z,2024-03-16T00:04:47.464507999Z,CREATE,file_event,NFCORE_RANGELAND:RANGELAND:PREPROCESSING:FORCE_PREPROCESS (LT05_L1TP_181035_20050410_20200902_02_T1) (3449),NFCORE_RANGELAND:RANGELAND:PREPROCESSING:FORCE_PREPROCESS (LT05_L1TP_181035_20050410_20200902_02_T1) (3449),/home/jfechner/workflows/rangeland/nextflow-run2/work/23/a82c14f085870e21884444569ff9de/level2_ard/X0110_Y0102/20050410_LEVEL2_LND05_BOA.tif,3515693,3449
,,0,2024-02-15T15:35:28.572953552Z,2024-03-16T15:35:28.572953552Z,2024-03-16T00:04:47.466943929Z,DELETE,file_event,NFCORE_RANGELAND:RANGELAND:PREPROCESSING:FORCE_PREPROCESS (LT05_L1TP_181035_20050410_20200902_02_T1) (3449),NFCORE_RANGELAND:RANGELAND:PREPROCESSING:FORCE_PREPROCESS (LT05_L1TP_181035_20050410_20200902_02_T1) (3449),/home/jfechner/workflows/rangeland/nextflow-run2/work/23/a82c14f085870e21884444569ff9de/level2_ard/X0110_Y0102/20050410_LEVEL2_LND05_BOA.tif.lock,3515693,3449
,,0,2024-02-15T15:35:28.572953552Z,2024-03-16T15:35:28.572953552Z,2024-03-16T00:04:47.468717647Z,CREATE,file_event,NFCORE_RANGELAND:RANGELAND:PREPROCESSING:FORCE_PREPROCESS (LT05_L1TP_181035_20050410_20200902_02_T1) (3449),NFCORE_RANGELAND:RANGELAND:PREPROCESSING:FORCE_PREPROCESS (LT05_L1TP_181035_20050410_20200902_02_T1) (3449),/home/jfechner/workflows/rangeland/nextflow-run2/work/23/a82c14f085870e21884444569ff9de/level2_prov/provenance_20240316.csv.lock,3515693,3449
,,0,2024-02-15T15:35:28.572953552Z,2024-03-16T15:35:28.572953552Z,2024-03-16T00:04:47.470363051Z,DELETE,file_event,NFCORE_RANGELAND:RANGELAND:PREPROCESSING:FORCE_PREPROCESS (LT05_L1TP_181035_20050410_20200902_02_T1) (3449),NFCORE_RANGELAND:RANGELAND:PREPROCESSING:FORCE_PREPROCESS (LT05_L1TP_181035_20050410_20200902_02_T1) (3449),/home/jfechner/workflows/rangeland/nextflow-run2/work/23/a82c14f085870e21884444569ff9de/level2_prov/provenance_20240316.csv.lock,3515693,3449
,,0,2024-02-15T15:35:28.572953552Z,2024-03-16T15:35:28.572953552Z,2024-03-16T00:04:47.472089558Z,CREATE,file_event,NFCORE_RANGELAND:RANGELAND:PREPROCESSING:FORCE_PREPROCESS (LT05_L1TP_181035_20050410_20200902_02_T1) (3449),NFCORE_RANGELAND:RANGELAND:PREPROCESSING:FORCE_PREPROCESS (LT05_L1TP_181035_20050410_20200902_02_T1) (3449),/home/jfechner/workflows/rangeland/nextflow-run2/work/23/a82c14f085870e21884444569ff9de/level2_ard/X0110_Y0102.lock,3515693,3449
,,0,2024-02-15T15:35:28.572953552Z,2024-03-16T15:35:28.572953552Z,2024-03-16T00:04:47.473829395Z,DELETE,file_event,NFCORE_RANGELAND:RANGELAND:PREPROCESSING:FORCE_PREPROCESS (LT05_L1TP_181035_20050410_20200902_02_T1) (3449),NFCORE_RANGELAND:RANGELAND:PREPROCESSING:FORCE_PREPROCESS (LT05_L1TP_181035_20050410_20200902_02_T1) (3449),/home/jfechner/workflows/rangeland/nextflow-run2/work/23/a82c14f085870e21884444569ff9de/level2_ard/X0110_Y0102.lock,3515693,3449
,,0,2024-02-15T15:35:28.572953552Z,2024-03-16T15:35:28.572953552Z,2024-03-16T00:04:47.475233631Z,CREATE,file_event,NFCORE_RANGELAND:RANGELAND:PREPROCESSING:FORCE_PREPROCESS (LT05_L1TP_181035_20050410_20200902_02_T1) (3449),NFCORE_RANGELAND:RANGELAND:PREPROCESSING:FORCE_PREPROCESS (LT05_L1TP_181035_20050410_20200902_02_T1) (3449),/home/jfechner/workflows/rangeland/nextflow-run2/work/23/a82c14f085870e21884444569ff9de/level2_ard/X0110_Y0102/20050410_LEVEL2_LND05_OVV.jpg.lock,3515693,3449
,,0,2024-02-15T15:35:28.572953552Z,2024-03-16T15:35:28.572953552Z,2024-03-16T00:04:47.477370381Z,CREATE,file_event,NFCORE_RANGELAND:RANGELAND:PREPROCESSING:FORCE_PREPROCESS (LT05_L1TP_181035_20050410_20200902_02_T1) (3449),NFCORE_RANGELAND:RANGELAND:PREPROCESSING:FORCE_PREPROCESS (LT05_L1TP_181035_20050410_20200902_02_T1) (3449),/home/jfechner/workflows/rangeland/nextflow-run2/work/23/a82c14f085870e21884444569ff9de/level2_ard/X0110_Y0102/20050410_LEVEL2_LND05_OVV.jpg,3515693,3449
,,0,2024-02-15T15:35:28.572953552Z,2024-03-16T15:35:28.572953552Z,2024-03-16T00:04:47.479517322Z,DELETE,file_event,NFCORE_RANGELAND:RANGELAND:PREPROCESSING:FORCE_PREPROCESS (LT05_L1TP_181035_20050410_20200902_02_T1) (3449),NFCORE_RANGELAND:RANGELAND:PREPROCESSING:FORCE_PREPROCESS (LT05_L1TP_181035_20050410_20200902_02_T1) (3449),/home/jfechner/workflows/rangeland/nextflow-run2/work/23/a82c14f085870e21884444569ff9de/level2_ard/X0110_Y0102/20050410_LEVEL2_LND05_OVV.jpg.lock,3515693,3449
,,0,2024-02-15T15:35:28.572953552Z,2024-03-16T15:35:28.572953552Z,2024-03-16T00:04:47.481067063Z,CREATE,file_event,NFCORE_RANGELAND:RANGELAND:PREPROCESSING:FORCE_PREPROCESS (LT05_L1TP_181035_20050410_20200902_02_T1) (3449),NFCORE_RANGELAND:RANGELAND:PREPROCESSING:FORCE_PREPROCESS (LT05_L1TP_181035_20050410_20200902_02_T1) (3449),/home/jfechner/workflows/rangeland/nextflow-run2/work/23/a82c14f085870e21884444569ff9de/level2_prov/provenance_20240316.csv.lock,3515693,3449
,,0,2024-02-15T15:35:28.572953552Z,2024-03-16T15:35:28.572953552Z,2024-03-16T00:04:47.483381229Z,DELETE,file_event,NFCORE_RANGELAND:RANGELAND:PREPROCESSING:FORCE_PREPROCESS (LT05_L1TP_181035_20050410_20200902_02_T1) (3449),NFCORE_RANGELAND:RANGELAND:PREPROCESSING:FORCE_PREPROCESS (LT05_L1TP_181035_20050410_20200902_02_T1) (3449),/home/jfechner/workflows/rangeland/nextflow-run2/work/23/a82c14f085870e21884444569ff9de/level2_prov/provenance_20240316.csv.lock,3515693,3449
,,0,2024-02-15T15:35:28.572953552Z,2024-03-16T15:35:28.572953552Z,2024-03-16T00:04:47.500469671Z,CREATE,file_event,NFCORE_RANGELAND:RANGELAND:PREPROCESSING:FORCE_PREPROCESS (LT05_L1TP_181035_20050410_20200902_02_T1) (3449),NFCORE_RANGELAND:RANGELAND:PREPROCESSING:FORCE_PREPROCESS (LT05_L1TP_181035_20050410_20200902_02_T1) (3449),/home/jfechner/workflows/rangeland/nextflow-run2/work/23/a82c14f085870e21884444569ff9de/level2_ard/X0111_Y0102.lock,3515693,3449
,,0,2024-02-15T15:35:28.572953552Z,2024-03-16T15:35:28.572953552Z,2024-03-16T00:04:47.503654235Z,CREATE,file_event,NFCORE_RANGELAND:RANGELAND:PREPROCESSING:FORCE_PREPROCESS (LT05_L1TP_181035_20050410_20200902_02_T1) (3449),NFCORE_RANGELAND:RANGELAND:PREPROCESSING:FORCE_PREPROCESS (LT05_L1TP_181035_20050410_20200902_02_T1) (3449),/home/jfechner/workflows/rangeland/nextflow-run2/work/23/a82c14f085870e21884444569ff9de/level2_ard/X0111_Y0102,3515693,3449
,,0,2024-02-15T15:35:28.572953552Z,2024-03-16T15:35:28.572953552Z,2024-03-16T00:04:47.506117886Z,CREATE,file_event,NFCORE_RANGELAND:RANGELAND:PREPROCESSING:FORCE_PREPROCESS (LT05_L1TP_181035_20050410_20200902_02_T1) (3449),NFCORE_RANGELAND:RANGELAND:PREPROCESSING:FORCE_PREPROCESS (LT05_L1TP_181035_20050410_20200902_02_T1) (3449),/home/jfechner/workflows/rangeland/nextflow-run2/work/23/a82c14f085870e21884444569ff9de/level2_ard/X0111_Y0102/20050410_LEVEL2_LND05_QAI.tif,3515693,3449
,,0,2024-02-15T15:35:28.572953552Z,2024-03-16T15:35:28.572953552Z,2024-03-16T00:04:47.508497445Z,CREATE,file_event,NFCORE_RANGELAND:RANGELAND:PREPROCESSING:FORCE_PREPROCESS (LT05_L1TP_181035_20050410_20200902_02_T1) (3449),NFCORE_RANGELAND:RANGELAND:PREPROCESSING:FORCE_PREPROCESS (LT05_L1TP_181035_20050410_20200902_02_T1) (3449),/home/jfechner/workflows/rangeland/nextflow-run2/work/23/a82c14f085870e21884444569ff9de/level2_ard/X0111_Y0102/20050410_LEVEL2_LND05_QAI.tif.lock,3515693,3449
,,0,2024-02-15T15:35:28.572953552Z,2024-03-16T15:35:28.572953552Z,2024-03-16T00:04:47.510833662Z,DELETE,file_event,NFCORE_RANGELAND:RANGELAND:PREPROCESSING:FORCE_PREPROCESS (LT05_L1TP_181035_20050410_20200902_02_T1) (3449),NFCORE_RANGELAND:RANGELAND:PREPROCESSING:FORCE_PREPROCESS (LT05_L1TP_181035_20050410_20200902_02_T1) (3449),/home/jfechner/workflows/rangeland/nextflow-run2/work/23/a82c14f085870e21884444569ff9de/level2_ard/X0111_Y0102.lock,3515693,3449
,,0,2024-02-15T15:35:28.572953552Z,2024-03-16T15:35:28.572953552Z,2024-03-16T00:04:47.512754315Z,CREATE,file_event,NFCORE_RANGELAND:RANGELAND:PREPROCESSING:FORCE_PREPROCESS (LT05_L1TP_181035_20050410_20200902_02_T1) (3449),NFCORE_RANGELAND:RANGELAND:PREPROCESSING:FORCE_PREPROCESS (LT05_L1TP_181035_20050410_20200902_02_T1) (3449),/home/jfechner/workflows/rangeland/nextflow-run2/work/23/a82c14f085870e21884444569ff9de/level2_ard/X0111_Y0102/20050410_LEVEL2_LND05_QAI.tif,3515693,3449
,,0,2024-02-15T15:35:28.572953552Z,2024-03-16T15:35:28.572953552Z,2024-03-16T00:04:47.514643527Z,DELETE,file_event,NFCORE_RANGELAND:RANGELAND:PREPROCESSING:FORCE_PREPROCESS (LT05_L1TP_181035_20050410_20200902_02_T1) (3449),NFCORE_RANGELAND:RANGELAND:PREPROCESSING:FORCE_PREPROCESS (LT05_L1TP_181035_20050410_20200902_02_T1) (3449),/home/jfechner/workflows/rangeland/nextflow-run2/work/23/a82c14f085870e21884444569ff9de/level2_ard/X0111_Y0102/20050410_LEVEL2_LND05_QAI.tif.lock,3515693,3449
,,0,2024-02-15T15:35:28.572953552Z,2024-03-16T15:35:28.572953552Z,2024-03-16T00:04:47.51626592Z,CREATE,file_event,NFCORE_RANGELAND:RANGELAND:PREPROCESSING:FORCE_PREPROCESS (LT05_L1TP_181035_20050410_20200902_02_T1) (3449),NFCORE_RANGELAND:RANGELAND:PREPROCESSING:FORCE_PREPROCESS (LT05_L1TP_181035_20050410_20200902_02_T1) (3449),/home/jfechner/workflows/rangeland/nextflow-run2/work/23/a82c14f085870e21884444569ff9de/level2_prov/provenance_20240316.csv.lock,3515693,3449
,,0,2024-02-15T15:35:28.572953552Z,2024-03-16T15:35:28.572953552Z,2024-03-16T00:04:47.518130381Z,DELETE,file_event,NFCORE_RANGELAND:RANGELAND:PREPROCESSING:FORCE_PREPROCESS (LT05_L1TP_181035_20050410_20200902_02_T1) (3449),NFCORE_RANGELAND:RANGELAND:PREPROCESSING:FORCE_PREPROCESS (LT05_L1TP_181035_20050410_20200902_02_T1) (3449),/home/jfechner/workflows/rangeland/nextflow-run2/work/23/a82c14f085870e21884444569ff9de/level2_prov/provenance_20240316.csv.lock,3515693,3449
,,0,2024-02-15T15:35:28.572953552Z,2024-03-16T15:35:28.572953552Z,2024-03-16T00:04:47.519857828Z,CREATE,file_event,NFCORE_RANGELAND:RANGELAND:PREPROCESSING:FORCE_PREPROCESS (LT05_L1TP_181035_20050410_20200902_02_T1) (3449),NFCORE_RANGELAND:RANGELAND:PREPROCESSING:FORCE_PREPROCESS (LT05_L1TP_181035_20050410_20200902_02_T1) (3449),/home/jfechner/workflows/rangeland/nextflow-run2/work/23/a82c14f085870e21884444569ff9de/level2_ard/X0111_Y0102.lock,3515693,3449
,,0,2024-02-15T15:35:28.572953552Z,2024-03-16T15:35:28.572953552Z,2024-03-16T00:04:47.521821382Z,DELETE,file_event,NFCORE_RANGELAND:RANGELAND:PREPROCESSING:FORCE_PREPROCESS (LT05_L1TP_181035_20050410_20200902_02_T1) (3449),NFCORE_RANGELAND:RANGELAND:PREPROCESSING:FORCE_PREPROCESS (LT05_L1TP_181035_20050410_20200902_02_T1) (3449),/home/jfechner/workflows/rangeland/nextflow-run2/work/23/a82c14f085870e21884444569ff9de/level2_ard/X0111_Y0102.lock,3515693,3449
,,0,2024-02-15T15:35:28.572953552Z,2024-03-16T15:35:28.572953552Z,2024-03-16T00:04:47.523716665Z,CREATE,file_event,NFCORE_RANGELAND:RANGELAND:PREPROCESSING:FORCE_PREPROCESS (LT05_L1TP_181035_20050410_20200902_02_T1) (3449),NFCORE_RANGELAND:RANGELAND:PREPROCESSING:FORCE_PREPROCESS (LT05_L1TP_181035_20050410_20200902_02_T1) (3449),/home/jfechner/workflows/rangeland/nextflow-run2/work/23/a82c14f085870e21884444569ff9de/level2_ard/X0111_Y0102/20050410_LEVEL2_LND05_BOA.tif.lock,3515693,3449
,,0,2024-02-15T15:35:28.572953552Z,2024-03-16T15:35:28.572953552Z,2024-03-16T00:04:47.526772425Z,CREATE,file_event,NFCORE_RANGELAND:RANGELAND:PREPROCESSING:FORCE_PREPROCESS (LT05_L1TP_181035_20050410_20200902_02_T1) (3449),NFCORE_RANGELAND:RANGELAND:PREPROCESSING:FORCE_PREPROCESS (LT05_L1TP_181035_20050410_20200902_02_T1) (3449),/home/jfechner/workflows/rangeland/nextflow-run2/work/23/a82c14f085870e21884444569ff9de/level2_ard/X0111_Y0102/20050410_LEVEL2_LND05_BOA.tif,3515693,3449
,,0,2024-02-15T15:35:28.572953552Z,2024-03-16T15:35:28.572953552Z,2024-03-16T00:04:47.530522899Z,DELETE,file_event,NFCORE_RANGELAND:RANGELAND:PREPROCESSING:FORCE_PREPROCESS (LT05_L1TP_181035_20050410_20200902_02_T1) (3449),NFCORE_RANGELAND:RANGELAND:PREPROCESSING:FORCE_PREPROCESS (LT05_L1TP_181035_20050410_20200902_02_T1) (3449),/home/jfechner/workflows/rangeland/nextflow-run2/work/23/a82c14f085870e21884444569ff9de/level2_ard/X0111_Y0102/20050410_LEVEL2_LND05_BOA.tif.lock,3515693,3449
,,0,2024-02-15T15:35:28.572953552Z,2024-03-16T15:35:28.572953552Z,2024-03-16T00:04:47.532472703Z,CREATE,file_event,NFCORE_RANGELAND:RANGELAND:PREPROCESSING:FORCE_PREPROCESS (LT05_L1TP_181035_20050410_20200902_02_T1) (3449),NFCORE_RANGELAND:RANGELAND:PREPROCESSING:FORCE_PREPROCESS (LT05_L1TP_181035_20050410_20200902_02_T1) (3449),/home/jfechner/workflows/rangeland/nextflow-run2/work/23/a82c14f085870e21884444569ff9de/level2_prov/provenance_20240316.csv.lock,3515693,3449
,,0,2024-02-15T15:35:28.572953552Z,2024-03-16T15:35:28.572953552Z,2024-03-16T00:04:47.53451176Z,DELETE,file_event,NFCORE_RANGELAND:RANGELAND:PREPROCESSING:FORCE_PREPROCESS (LT05_L1TP_181035_20050410_20200902_02_T1) (3449),NFCORE_RANGELAND:RANGELAND:PREPROCESSING:FORCE_PREPROCESS (LT05_L1TP_181035_20050410_20200902_02_T1) (3449),/home/jfechner/workflows/rangeland/nextflow-run2/work/23/a82c14f085870e21884444569ff9de/level2_prov/provenance_20240316.csv.lock,3515693,3449
,,0,2024-02-15T15:35:28.572953552Z,2024-03-16T15:35:28.572953552Z,2024-03-16T00:04:47.536391541Z,CREATE,file_event,NFCORE_RANGELAND:RANGELAND:PREPROCESSING:FORCE_PREPROCESS (LT05_L1TP_181035_20050410_20200902_02_T1) (3449),NFCORE_RANGELAND:RANGELAND:PREPROCESSING:FORCE_PREPROCESS (LT05_L1TP_181035_20050410_20200902_02_T1) (3449),/home/jfechner/workflows/rangeland/nextflow-run2/work/23/a82c14f085870e21884444569ff9de/level2_ard/X0111_Y0102.lock,3515693,3449
,,0,2024-02-15T15:35:28.572953552Z,2024-03-16T15:35:28.572953552Z,2024-03-16T00:04:47.538269793Z,DELETE,file_event,NFCORE_RANGELAND:RANGELAND:PREPROCESSING:FORCE_PREPROCESS (LT05_L1TP_181035_20050410_20200902_02_T1) (3449),NFCORE_RANGELAND:RANGELAND:PREPROCESSING:FORCE_PREPROCESS (LT05_L1TP_181035_20050410_20200902_02_T1) (3449),/home/jfechner/workflows/rangeland/nextflow-run2/work/23/a82c14f085870e21884444569ff9de/level2_ard/X0111_Y0102.lock,3515693,3449
,,0,2024-02-15T15:35:28.572953552Z,2024-03-16T15:35:28.572953552Z,2024-03-16T00:04:47.539866955Z,CREATE,file_event,NFCORE_RANGELAND:RANGELAND:PREPROCESSING:FORCE_PREPROCESS (LT05_L1TP_181035_20050410_20200902_02_T1) (3449),NFCORE_RANGELAND:RANGELAND:PREPROCESSING:FORCE_PREPROCESS (LT05_L1TP_181035_20050410_20200902_02_T1) (3449),/home/jfechner/workflows/rangeland/nextflow-run2/work/23/a82c14f085870e21884444569ff9de/level2_ard/X0111_Y0102/20050410_LEVEL2_LND05_OVV.jpg.lock,3515693,3449
,,0,2024-02-15T15:35:28.572953552Z,2024-03-16T15:35:28.572953552Z,2024-03-16T00:04:47.542084008Z,CREATE,file_event,NFCORE_RANGELAND:RANGELAND:PREPROCESSING:FORCE_PREPROCESS (LT05_L1TP_181035_20050410_20200902_02_T1) (3449),NFCORE_RANGELAND:RANGELAND:PREPROCESSING:FORCE_PREPROCESS (LT05_L1TP_181035_20050410_20200902_02_T1) (3449),/home/jfechner/workflows/rangeland/nextflow-run2/work/23/a82c14f085870e21884444569ff9de/level2_ard/X0111_Y0102/20050410_LEVEL2_LND05_OVV.jpg,3515693,3449
,,0,2024-02-15T15:35:28.572953552Z,2024-03-16T15:35:28.572953552Z,2024-03-16T00:04:47.54427457Z,DELETE,file_event,NFCORE_RANGELAND:RANGELAND:PREPROCESSING:FORCE_PREPROCESS (LT05_L1TP_181035_20050410_20200902_02_T1) (3449),NFCORE_RANGELAND:RANGELAND:PREPROCESSING:FORCE_PREPROCESS (LT05_L1TP_181035_20050410_20200902_02_T1) (3449),/home/jfechner/workflows/rangeland/nextflow-run2/work/23/a82c14f085870e21884444569ff9de/level2_ard/X0111_Y0102/20050410_LEVEL2_LND05_OVV.jpg.lock,3515693,3449
,,0,2024-02-15T15:35:28.572953552Z,2024-03-16T15:35:28.572953552Z,2024-03-16T00:04:47.545709588Z,CREATE,file_event,NFCORE_RANGELAND:RANGELAND:PREPROCESSING:FORCE_PREPROCESS (LT05_L1TP_181035_20050410_20200902_02_T1) (3449),NFCORE_RANGELAND:RANGELAND:PREPROCESSING:FORCE_PREPROCESS (LT05_L1TP_181035_20050410_20200902_02_T1) (3449),/home/jfechner/workflows/rangeland/nextflow-run2/work/23/a82c14f085870e21884444569ff9de/level2_prov/provenance_20240316.csv.lock,3515693,3449
,,0,2024-02-15T15:35:28.572953552Z,2024-03-16T15:35:28.572953552Z,2024-03-16T00:04:47.547200877Z,DELETE,file_event,NFCORE_RANGELAND:RANGELAND:PREPROCESSING:FORCE_PREPROCESS (LT05_L1TP_181035_20050410_20200902_02_T1) (3449),NFCORE_RANGELAND:RANGELAND:PREPROCESSING:FORCE_PREPROCESS (LT05_L1TP_181035_20050410_20200902_02_T1) (3449),/home/jfechner/workflows/rangeland/nextflow-run2/work/23/a82c14f085870e21884444569ff9de/level2_prov/provenance_20240316.csv.lock,3515693,3449
,,0,2024-02-15T15:35:28.572953552Z,2024-03-16T15:35:28.572953552Z,2024-03-16T00:04:47.630776214Z,CREATE,file_event,NFCORE_RANGELAND:RANGELAND:PREPROCESSING:FORCE_PREPROCESS (LT05_L1TP_181035_20050410_20200902_02_T1) (3449),NFCORE_RANGELAND:RANGELAND:PREPROCESSING:FORCE_PREPROCESS (LT05_L1TP_181035_20050410_20200902_02_T1) (3449),/home/jfechner/workflows/rangeland/nextflow-run2/work/23/a82c14f085870e21884444569ff9de/level2_ard/CITEME_0x49.txt.lock,3515693,3449
,,0,2024-02-15T15:35:28.572953552Z,2024-03-16T15:35:28.572953552Z,2024-03-16T00:04:47.633782492Z,CREATE,file_event,NFCORE_RANGELAND:RANGELAND:PREPROCESSING:FORCE_PREPROCESS (LT05_L1TP_181035_20050410_20200902_02_T1) (3449),NFCORE_RANGELAND:RANGELAND:PREPROCESSING:FORCE_PREPROCESS (LT05_L1TP_181035_20050410_20200902_02_T1) (3449),/home/jfechner/workflows/rangeland/nextflow-run2/work/23/a82c14f085870e21884444569ff9de/level2_ard/CITEME_0x49.txt,3515693,3449
,,0,2024-02-15T15:35:28.572953552Z,2024-03-16T15:35:28.572953552Z,2024-03-16T00:04:47.635924592Z,DELETE,file_event,NFCORE_RANGELAND:RANGELAND:PREPROCESSING:FORCE_PREPROCESS (LT05_L1TP_181035_20050410_20200902_02_T1) (3449),NFCORE_RANGELAND:RANGELAND:PREPROCESSING:FORCE_PREPROCESS (LT05_L1TP_181035_20050410_20200902_02_T1) (3449),/home/jfechner/workflows/rangeland/nextflow-run2/work/23/a82c14f085870e21884444569ff9de/level2_ard/CITEME_0x49.txt.lock,3515693,3449
,,0,2024-02-15T15:35:28.572953552Z,2024-03-16T15:35:28.572953552Z,2024-03-16T00:04:47.724252876Z,CREATE,file_event,NFCORE_RANGELAND:RANGELAND:PREPROCESSING:FORCE_PREPROCESS (LT05_L1TP_181035_20050410_20200902_02_T1) (3449),NFCORE_RANGELAND:RANGELAND:PREPROCESSING:FORCE_PREPROCESS (LT05_L1TP_181035_20050410_20200902_02_T1) (3449),/home/jfechner/workflows/rangeland/nextflow-run2/work/23/a82c14f085870e21884444569ff9de/versions.yml,3515693,3449
,,0,2024-02-15T15:35:28.572953552Z,2024-03-16T15:35:28.572953552Z,2024-03-16T00:04:48.100876654Z,CREATE,file_event,NFCORE_RANGELAND:RANGELAND:PREPROCESSING:FORCE_PREPROCESS (LT05_L1TP_181035_20050410_20200902_02_T1) (3449),NFCORE_RANGELAND:RANGELAND:PREPROCESSING:FORCE_PREPROCESS (LT05_L1TP_181035_20050410_20200902_02_T1) (3449),/home/jfechner/workflows/rangeland/nextflow-run2/work/23/a82c14f085870e21884444569ff9de/.exitcode,3515693,3449
